tree
version=v4
num_class=1
num_tree_per_iteration=1
label_index=0
max_feature_idx=10
objective=cross_entropy
feature_names=adm_past_year agegroup_rm an110mdc_ra count_proc drg11_type_m flag_emergency gender indstat_flag pat_remoteness cc_hypertension cc_osteoporosis
feature_infos=[0:270] -1:7:6:3:5:2:4:8:0:1:9 -1:6:5:8:14:1:4:11:3:21:9:23:2:13:10:7:18:19:12:20:16:22:15:0:17 [0:50] -1:1:0 -1:1:0 -1:1:0 -1:0:1 -1:0:1:2:3 -1:0:1 -1:0:1
tree_sizes=3011 3066 2456 3197 3190 2390 3406 3518 2658 2222 3491 3342 3390 3335 3483 3450 3502 3390 3382 3394 2169 2362 2275 3417 3312 1832 3402 3077

Tree=0
num_leaves=28
num_cat=15
split_feature=2 5 0 3 9 1 3 0 6 2 0 2 0 5 3 0 2 9 0 4 10 3 4 6 3 7 3
split_gain=2205.97 905.355 452.248 452.267 412.515 51.5044 21.7364 140.293 40.8516 20.6676 17.2624 18.1215 41.3692 15.9119 9.59799 15.8954 8.38752 7.79198 7.4213 4.1201 12.1285 10.1794 3.40111 1.18091 3.2924 1.14776 1.09424
threshold=0 1 163.50000000000003 27.500000000000004 2 3 1.0000000180025095e-35 8.5000000000000018 4 5 1.5000000000000002 6 29.500000000000004 7 8.5000000000000018 1.5000000000000002 8 9 1.5000000000000002 10 11 2.5000000000000004 12 13 14.500000000000002 14 1.5000000000000002
decision_type=9 1 2 2 1 1 2 2 1 9 2 9 2 1 2 2 9 1 2 1 1 2 1 1 2 1 2
left_child=1 2 3 4 -1 9 7 17 -9 19 23 12 -12 16 18 -16 -11 -3 -8 21 -21 -2 -15 24 -7 -13 -25
right_child=5 6 -4 -5 -6 10 14 8 -10 13 11 25 -14 22 15 -17 -18 -19 -20 20 -22 -23 -24 26 -26 -27 -28
leaf_value=-8.7562541173123716 -9.1439809390821267 -9.0178601955724691 37.179559106653308 37.179559106653308 -8.2389673202104134 -9.2742132808075972 -9.1548333267137032 -6.1175357728659794 -0.57339557487900272 -9.2211598007142452 -9.1814601890433885 -9.2513648684999357 -8.4867409475312279 -9.2234624813501753 -9.2856158860014322 -7.7367767195796189 -9.1854630945584788 -8.3821263722553709 -9.0822661394995237 -9.2249563886219867 -8.5381867976477395 -8.9889958533698255 -9.2581697067822262 -9.2569993987471708 -8.9336069845419264 -9.2856158860014322 -9.2717537633601044
leaf_weight=85.196932394683245 19.769131754568665 1.4938991170929503 0.0021521493763420043 0.0021521493763420043 18.821981062370469 280.63761410923325 49.700815347532625 0.031564857519697398 0.022956260014325269 142.04308863828192 39.364144376260811 93.427878926158883 0.87623224608250794 40.22305694402894 0.13609782722778518 0.12912896258058026 125.79354098046315 0.22136393585242298 19.670542816471425 6.5941856891149646 0.2675839057919801 5.3941062035446512 94.730851648579119 108.32915624135057 0.28408371767727558 10.928102116551598 93.7807289405755
leaf_count=831325 192901 14577 21 21 183659 2738374 484965 308 224 1386012 384103 911640 8550 392484 1328 1260 1227454 2160 191939 64344 2611 52634 924354 1057042 2772 106633 915083
internal_value=-9.18561 -8.86713 -8.66076 -8.6617 -8.66265 -9.24067 -9.12317 -8.77708 -3.78316 -9.21255 -9.25942 -9.23029 -9.17017 -9.219 -9.13196 -8.53154 -9.20572 -8.93582 -9.13426 -9.14284 -9.19817 -9.11076 -9.24783 -9.26967 -9.27387 -9.24889 -9.26385
internal_weight=0 175.43 104.023 104.021 104.019 1062.44 71.4064 1.76978 0.0545211 434.816 627.628 144.596 40.2404 402.791 69.6366 0.265227 267.837 1.71526 69.3714 32.025 6.86177 25.1632 134.954 483.032 280.922 104.356 202.11
internal_count=12078778 1711787 1015026 1015005 1014984 10366991 696761 17269 532 4242794 6124197 1410926 392653 3930304 679492 2588 2613466 16737 676904 312490 66955 245535 1316838 4713271 2741146 1018273 1972125
cat_boundaries=0 1 2 3 4 5 6 7 8 9 10 11 12 13 14 15
cat_threshold=64 2 1 960 2 2162816 7573681 2 790814 1 2 1 2 2 1
is_linear=0
shrinkage=1


Tree=1
num_leaves=28
num_cat=13
split_feature=3 0 6 5 3 2 5 0 0 9 5 0 9 0 3 3 7 0 1 2 0 0 6 6 3 0 9
split_gain=3465.88 1860.6 2165.86 3574.81 3912.39 812.75 808.914 1305.38 1448.76 712.381 588.44 11262 564.85 517.722 274.359 116.034 128.017 105.307 52.8727 16.8234 12.7028 2.72933e-11 8.79067e-12 2.91566e-12 1.26571e-12 5.74906e-13 8.63892e-16
threshold=27.500000000000004 217.00000000000003 0 1 1.0000000180025095e-35 2 3 2.5000000000000004 5.5000000000000009 4 5 153.50000000000003 6 1.0000000180025095e-35 29.500000000000004 1.0000000180025095e-35 7 8.5000000000000018 8 9 1.5000000000000002 1.5000000000000002 10 11 1.5000000000000002 3.5000000000000004 12
decision_type=2 2 1 1 2 9 1 2 2 1 1 2 1 2 2 2 1 2 1 9 2 2 1 1 2 2 1
left_child=1 5 3 4 -3 10 7 9 12 14 11 -1 -9 -11 -2 16 -4 -12 19 -7 -20 23 -23 -8 -17 -24 -25
right_child=6 2 15 -5 -6 18 21 8 -10 13 17 -13 -14 -15 -16 24 -18 -19 20 -21 -22 22 25 26 -26 -27 -28
leaf_value=0.25193779953675699 -0.10001054665100327 -39.830943331737991 -30.246488010725457 -0.10001232346204497 -221.02460323647608 0.036296447772618354 -0.10001242613031952 -111.80539046099625 -0.10001088635312179 -22.434463047897474 0.046018335702531436 -86.032774733844306 -46.85597273116516 -53.806446208299988 -15.598896311211725 -0.10001179730129571 -0.10001502843469441 -0.13622669263255163 -0.083171976628308775 -0.031245679583241051 -0.048080972443124627 -0.10002158526373284 -0.10001442004273904 -0.10000940715629109 -0.10001388461090371 -0.10001652475827838 -0.10000948572390012
leaf_weight=187.80753542509774 0.015287260364857502 0.0025169308792101219 0.0033171374379880039 0.0043191813820158131 0.0022632157051702961 34.018941992893815 0.005861985388037283 0.0035808481043204665 0.00283570012106793 0.017909550457261503 73.957690182382066 0.015128107799681767 0.0021387646556831896 0.0074478969472693271 0.045164537470554933 0.0055229133431566879 0.0024482782609993592 55.499096079889569 439.49648070787953 388.46432756934519 134.79965520778933 0.0037720247200923041 0.0031596332482877187 0.0053620140024567275 0.0061290590529097244 0.0022024568752385676 0.0018965903800562955
leaf_count=1099525 148 21 29 39 23 312423 48 40 28 174 680282 99 22 77 439 51 19 28270 4664530 3917956 1374332 28 29 57 50 19 20
internal_value=0 -0.00968966 -26.4985 -66.0389 -125.619 -0.00915514 -17.2498 -21.2944 -58.5432 -17.5806 0.127895 0.244988 -87.5185 -31.6489 -11.6795 -5.8414 -17.4448 -0.0321115 -0.0535248 -0.0250936 -0.0736529 -0.100014 -0.100018 -0.100011 -0.100013 -0.100015 -0.100009
internal_weight=0 1314.09 0.0265167 0.00909933 0.00478015 1314.06 0.116619 0.0943646 0.00855531 0.0858092 317.279 187.823 0.00571961 0.0253574 0.0604518 0.0174174 0.00576542 129.457 996.779 422.483 574.296 0.0222547 0.00913411 0.0131206 0.011652 0.00536209 0.0072586
internal_count=12078778 12077649 232 83 44 12077417 1129 928 90 838 1808176 1099624 62 251 587 149 48 708552 10269241 4230379 6038862 201 76 125 101 48 77
cat_boundaries=0 1 2 3 4 5 6 7 8 9 10 11 12 13
cat_threshold=2 2 1048640 2 1 2 1 1 960 2162816 2 2 1
is_linear=0
shrinkage=0.1


Tree=2
num_leaves=22
num_cat=12
split_feature=3 5 2 5 1 3 6 0 3 1 5 0 2 2 0 4 6 0 6 0 3
split_gain=6419.21 58971.4 626.656 325.048 199.917 223.046 154.204 93.2832 50.4635 39.8044 16.4369 13.5991 13.5495 9.18227 7.88307 4.14303 1.40179 1.07593e-11 1.72805e-12 1.09734e-12 9.71445e-17
threshold=29.500000000000004 0 1 2 3 23.500000000000004 4 8.5000000000000018 1.5000000000000002 5 6 1.5000000000000002 7 8 1.5000000000000002 9 10 1.5000000000000002 11 2.5000000000000004 32.500000000000007
decision_type=2 1 9 1 1 2 1 2 2 1 1 2 9 9 2 1 1 2 1 2 2
left_child=2 -2 3 4 6 -6 -1 14 -9 10 13 16 -13 -4 -5 -12 -11 18 -3 -19 -20
right_child=1 17 9 7 5 -7 -8 8 -10 11 15 12 -14 -15 -16 -17 -18 19 20 -21 -22
leaf_value=0.21893601987827932 -653.82311006641226 -0.10001139909058719 -0.031398384174184141 0.022982202455726689 0.099383310162739047 -22.004619455916561 0.52207114680143363 -0.14096923744325449 0.55127425753057335 -0.086564121467155489 -0.030549595687023347 -0.070436670045463903 -0.0029364376341057923 0.0045633333905294223 0.090961735095112475 -0.069869987844143985 -0.074576482169261729 -0.10001384610901667 -0.10000855141302822 -0.10001668488034327 -0.1000085220182768
leaf_weight=38.248897436758853 0.0015296992787101455 0.0037069493409944698 134.29261755906199 61.792008923475834 181.035471540461 0.0045652486404880168 29.89884145733231 52.107390472032421 1.0747974100158888 230.57679456426592 38.871274505792826 67.778178588167066 61.081113237210957 141.09089281105869 23.563374600482348 86.266201999198529 169.07630600460266 0.0024365280187339531 0.001795374846602988 0.0030867986351950094 0.0030674729350721464
leaf_count=155463 700 33 1396831 564015 916200 23 127563 20462 10354 2663909 404153 743681 622460 1395217 196971 932698 1927936 24 21 28 36
internal_value=0 -64.1089 -0.00807032 0.0972663 0.168045 0.0936529 0.306898 -0.023023 -0.126979 -0.0525135 -0.0269316 -0.0710401 -0.0441347 -0.0139481 0.0417488 -0.057656 -0.0814927 -0.100012 -0.10001 -0.100015 -0.100009
internal_weight=0 0.0156228 1316.76 387.725 249.188 181.04 68.1477 138.538 53.1822 929.033 400.521 528.512 128.859 275.384 85.3554 125.137 399.653 0.0140931 0.0085698 0.00552333 0.00486285
internal_count=12078778 842 12077936 1991051 1199249 916223 283026 791802 30816 10086885 4128899 5957986 1366141 2792048 760986 1336851 4591845 142 90 52 57
cat_boundaries=0 1 2 3 4 5 6 7 8 9 10 11 12
cat_threshold=2 192 2 896 2 960 2 542474 1839390 2 2 2
is_linear=0
shrinkage=0.1


Tree=3
num_leaves=29
num_cat=15
split_feature=2 5 3 6 0 0 1 1 3 4 1 0 2 2 0 0 8 3 3 5 2 6 3 6 6 3 3 3
split_gain=481.448 223.432 180.474 91.8226 102.473 75.5092 47.6303 41.2933 25.9089 15.1765 15.2044 12.4917 10.9864 9.10807 8.57962 7.673 6.58971 9.34402 8.92501 5.88158 6.78299 4.28137 2.72937 1.65177 1.52982 3.14837 1.63151 0.663568
threshold=0 1 23.500000000000004 2 151.50000000000003 8.5000000000000018 3 4 1.5000000000000002 5 6 1.5000000000000002 7 8 10.500000000000002 16.500000000000004 9 1.0000000180025095e-35 1.5000000000000002 10 11 12 4.5000000000000009 13 14 14.500000000000002 1.5000000000000002 5.5000000000000009
decision_type=9 1 2 1 2 2 1 1 2 1 1 2 9 9 2 2 1 2 2 1 9 1 2 1 1 2 2 2
left_child=1 2 3 7 -5 16 9 -1 23 10 13 24 27 -2 -14 -10 18 -18 -3 20 -11 -12 -21 -7 25 -8 -26 -13
right_child=6 5 -4 4 -6 8 11 -9 15 19 21 12 14 -15 -16 -17 17 -19 -20 22 -22 -23 -24 -25 26 -27 -28 -29
leaf_value=0.0052751493006922365 -0.046973708527121946 -0.025387348065192029 18.40690362407798 0.19146494213000109 -9.7744485938829406 -0.024719056903433845 -0.086142049954296682 0.11647707278640727 0.40109480497550537 0.02496042577330454 0.0028224614809724867 -0.085473111854765083 -0.023012598855466627 -0.0009147927814304093 0.083479880337953949 -0.10001913433011765 0.28618368027444202 -0.019165421545173787 0.083173836529250797 -0.075335585385101725 -0.047936908522258848 0.042930747051431718 -0.026251580628026284 -0.13782061205269366 -0.063270360432789705 0.24242690469057632 -0.083657780636738704 -0.039252393893421562
leaf_weight=64.077442066773074 97.476608709941502 9.3801423150580359 0.0054033734497797017 135.50747027192122 0.010318314380127869 1.3271265046714689 216.35796218605546 86.529013639068552 1.1973318483724131 17.207140193611927 59.319850961284843 55.038092722883448 57.145150081290979 82.840587259954191 8.7197665654385315 0.41025270120735502 1.0357346136515868 30.922756196086993 39.304354907188099 68.90095757584632 16.887323028029869 48.271713421658191 13.558004409838757 47.77097043118556 84.381704738668233 0.29202362859370978 73.393212592134873 3.291850522196909
leaf_count=286814 1040791 73379 47 502504 52 9761 2720090 310236 6768 165211 605043 647904 603442 802937 84425 2325 7131 263270 336511 795295 177325 488432 155749 9422 1031944 2772 910398 38800
internal_value=0 0.0798521 0.131331 0.130986 0.190706 -0.0262104 -0.0487539 0.0772489 -0.121829 -0.0218359 -0.0100509 -0.0697301 -0.0436461 -0.0269734 -0.00773919 0.273211 0.0339114 -0.00706025 0.0516483 -0.0528205 -0.0178854 0.019047 -0.0672651 -0.134763 -0.0802444 -0.0856992 -0.0727541 -0.0707375
internal_weight=0 417.478 286.13 286.124 135.518 131.349 903.082 150.606 50.7057 404.462 287.909 498.62 124.195 180.317 65.8649 1.60758 80.643 31.9585 48.6845 116.553 34.0945 107.592 82.459 49.0981 374.425 216.65 157.775 58.3299
internal_count=12078778 1808220 1099653 1099606 502556 708567 10270558 597050 28276 4230783 2937203 6039775 1374571 1843728 687867 9093 680291 270401 409890 1293580 342536 1093475 951044 19183 4665204 2722862 1942342 686704
cat_boundaries=0 1 2 3 4 5 6 7 8 9 10 11 12 13 14 15
cat_threshold=1048640 2 2 960 46 2 192 542466 788766 9 2 8391328 2 2 2
is_linear=0
shrinkage=0.1


Tree=4
num_leaves=29
num_cat=13
split_feature=3 9 0 5 6 3 0 2 5 0 1 0 3 5 0 1 3 0 5 2 0 8 4 3 0 6 0 3
split_gain=706.222 974.409 690.724 685.733 732.858 1333.9 698.562 382.779 137.935 67.4006 58.5451 64.9104 58.0794 50.3897 57.4324 35.6143 23.3038 13.1292 13.0599 11.232 7.24674 6.21778 3.63605 1.49269 5.98376e-11 2.82392e-11 5.49718e-12 3.03999e-12
threshold=23.500000000000004 0 12.500000000000002 1 2 25.500000000000004 2.5000000000000004 3 4 8.5000000000000018 5 2.5000000000000004 1.5000000000000002 6 1.0000000180025095e-35 7 1.5000000000000002 1.5000000000000002 8 9 37.500000000000007 10 11 1.0000000180025095e-35 1.5000000000000002 12 2.5000000000000004 26.500000000000004
decision_type=2 1 2 1 1 2 2 9 1 2 1 2 2 1 2 1 2 2 1 9 2 1 1 2 2 1 2 2
left_child=7 2 13 4 6 -6 -3 8 10 21 12 -12 -1 14 -2 18 -11 23 20 -19 -9 -10 -20 -17 -15 27 -27 -5
right_child=1 3 -4 25 5 -7 -8 15 9 16 11 -13 -14 24 -16 17 -18 19 22 -21 -22 -23 -24 -25 -26 26 -28 -29
leaf_value=0.22826286864161799 -2.4563793207724136 -0.10001154309618608 64.129600070739855 -0.10001746723926271 -19.76076094119956 -77.975504144421606 -78.959959862188541 -0.01309219911454422 0.048260658962936472 -0.12904094512491537 0.039957927930162673 0.19060765270183241 0.080769911974517355 -0.10001106270860305 -8.6212648631420947 -0.070279928615299969 0.18930044517031949 -0.068603461418315345 -0.027173124174558368 -0.0051422718581049182 0.29703404803108241 -0.0061210096697265973 -0.065439392907712945 -0.083760300302141572 -0.10001960010069524 -0.10000779340225979 -0.10001385310457614 -0.10002234164320106
leaf_weight=70.055768218828263 0.042434752412234232 0.0098421350887634013 0.0015569139068543894 0.0026455847546458244 0.010172190701298451 0.0064202860743763105 0.0012680100389843582 269.22067396770581 56.769416853807343 46.414358392590657 188.59192897633324 33.713590785333224 43.137650588653528 0.026689650148837618 0.0234690813595567 137.91873089206598 2.4194090646051327 53.68791129400779 37.069543546953355 65.896137313895451 0.75558410948724386 34.73399333521229 75.212599077924096 203.11317468473129 0.011856705968966708 0.0042647066293284228 0.0023068282753229141 0.0024777796206763014
leaf_count=171558 810 187 14 23 120 249 22 2783863 460230 20462 778872 137328 111456 266 417 1835586 10354 686588 404145 679353 7833 300736 932633 2755465 111 55 23 19
internal_value=0 -6.97702 -1.98647 -20.4051 -28.9771 -42.2863 -9.10036 -0.00746208 0.0635077 -0.0184045 0.099664 0.0601011 0.158088 -2.97198 -4.65176 -0.0477147 -0.113269 -0.0668597 -0.0235289 -0.0398004 -0.0122242 0.032223 -0.0528059 -0.0783086 -0.100014 -0.100014 -0.10001 -0.10002
internal_weight=0 0.145405 0.106007 0.0393975 0.0277026 0.0165925 0.0111101 1318.71 475.836 140.337 335.499 222.306 113.193 0.10445 0.0659038 842.874 48.8338 460.616 382.258 119.584 269.976 91.5034 112.282 341.032 0.0385464 0.0116949 0.00657153 0.00512336
internal_count=12078778 2316 1618 698 578 369 209 12076462 1990996 791782 1199214 916200 283014 1604 1227 10085466 30816 5956992 4128474 1365941 2791696 760966 1336778 4591051 377 120 78 42
cat_boundaries=0 1 2 3 4 5 6 7 8 9 10 11 12 13
cat_threshold=1 2 2 192 2 896 2 960 2 542466 9 2 2
is_linear=0
shrinkage=0.1


Tree=5
num_leaves=21
num_cat=7
split_feature=3 0 2 3 0 5 0 3 8 1 3 5 0 0 6 6 0 0 3 3
split_gain=1431.2 15649.5 305.85 443.979 12824.7 89.4207 58.6156 57.4354 44.8075 36.4148 21.0334 11.8571 8.65775 7.38524 1.61524e-11 1.26263e-11 9.31392e-12 7.6064e-12 5.40585e-13 2.32595e-13
threshold=27.500000000000004 4.5000000000000009 0 23.500000000000004 5.5000000000000009 1 7.5000000000000009 24.500000000000004 2 3 1.5000000000000002 4 1.5000000000000002 1.5000000000000002 5 6 1.5000000000000002 2.5000000000000004 29.500000000000004 29.500000000000004
decision_type=2 2 9 2 2 1 2 2 1 1 2 1 2 2 1 1 2 2 2 2
left_child=2 15 5 9 14 7 13 8 -1 11 -8 -4 -11 -7 -5 16 18 19 -2 -17
right_child=1 -3 3 4 -6 6 10 -9 -10 12 -12 -13 -14 -15 -16 17 -18 -19 -20 -21
leaf_value=0.047635123694539212 -0.10000964187519996 -341.52976040816606 -0.011217226316012434 -0.10001073222997894 -331.71105801631757 0.012615308674520806 -0.12361780975745509 -1.8811542138609068 0.1269946639744701 -0.077035119700826923 0.13338624955941203 -0.050831962406762556 -0.044315559920121962 0.074983615683373292 -0.10000632744951284 -0.10000544837301745 -0.10001879494889046 -0.10001444108256591 -0.10001173360782736 -0.10000667184811701
leaf_weight=261.72281390399667 0.0018489525283236947 0.0014644301127937345 264.66238419190631 0.021653938423080277 0.0012062324222919659 68.367034595845382 44.923324997413147 0.1497654675766843 123.01434178125095 309.07579185486725 3.4273609365336588 105.74253318159026 109.52912977990491 26.285999661944516 0.013524867183779141 0.0023152046856951651 0.0021444680343991607 0.001359000634693075 0.0037240456294966862 0.0047251179130398668
leaf_count=880328 65 58 2776843 353 42 579338 31704 25 417327 4531455 13947 1328982 1322821 193741 743 165 65 49 235 492
internal_value=0 -28.5394 -0.00768434 -0.0468196 -11.0935 0.0507376 -0.0158225 0.076786 0.0775482 -0.0469036 -0.1054 -0.0219342 -0.0668764 0.0299355 -0.100009 -0.10001 -0.100013 -0.100008 -0.100011 -0.100006
internal_weight=0 0.0175812 1316.94 789.046 0.036385 527.891 143.004 384.887 384.737 789.01 48.3507 370.405 418.605 94.653 0.0351788 0.0161168 0.00771747 0.00839932 0.005573 0.00704032
internal_count=12078778 1129 12077649 9961239 1138 2116410 818730 1297680 1297655 9960101 45651 4105825 5854276 773079 1096 1071 365 706 300 657
cat_boundaries=0 1 2 3 4 5 6 7
cat_threshold=1114304 2 1 960 2 2 2
is_linear=0
shrinkage=0.1


Tree=6
num_leaves=31
num_cat=18
split_feature=2 5 0 3 6 1 3 0 0 0 4 1 3 9 2 0 6 2 0 1 0 3 1 2 2 3 2 6 9 6
split_gain=250.515 79.5192 48.8734 42.4489 46.1616 39.2569 39.7257 479.38 35.5917 24.3445 23.3406 16.6586 18.4686 15.6047 13.731 11.3291 10.6983 9.35304 9.35202 8.02616 6.95992 7.84736 4.327 5.15607 4.48372 3.42206 2.20983 1.61104 1.45327 1.51835e-11
threshold=0 1 5.5000000000000009 1.0000000180025095e-35 2 3 24.500000000000004 2.5000000000000004 1.5000000000000002 19.500000000000004 4 5 2.5000000000000004 6 7 1.5000000000000002 8 9 1.5000000000000002 10 1.0000000180025095e-35 1.0000000180025095e-35 11 12 13 1.0000000180025095e-35 14 15 16 17
decision_type=9 1 2 2 1 1 2 2 2 2 1 1 2 1 9 2 1 9 2 1 2 2 1 9 9 2 9 1 1 1
left_child=1 3 18 4 9 14 15 29 -6 -1 27 13 -13 -5 20 26 -12 -17 19 -3 28 -22 23 -16 -24 -20 -7 -4 -2 -8
right_child=5 2 10 11 8 6 7 -9 -10 -11 16 12 -14 -15 22 17 -18 -19 25 -21 21 -23 24 -25 -26 -27 -28 -29 -30 -31
leaf_value=0.05222097629681869 -0.055661308922064605 0.042856980030005695 -0.056797743996538079 0.10651287588875953 0.11494623671687838 -0.021587278174114048 -0.10001053555951396 -51.940487690259332 0.25183659264307423 0.58090032593749852 -0.038220515715871851 -0.038635843544158804 0.067582781495780939 0.026164028868857016 0.034063879817246775 -0.065497131267659325 0.30947115248302576 -0.0051229464690611716 0.30238138817199411 -0.02032266180561855 0.046683078905237436 -0.03905707962683852 0.0030835742636482807 -0.012771932219149414 -0.029753555931385303 0.083600471279565824 -0.078656526013515582 -0.11883957949407996 -0.085910397330994731 -0.10000536916840769
leaf_weight=112.96728509413514 36.079064538090755 27.797619968365325 4.6268165370711358 45.555050607579602 76.281851315012318 35.907998517145501 0.014210162930861341 0.0019289944565005412 25.29044778701136 0.87776542506617161 1.6178436756090377 52.12165764059317 23.864306826011173 51.49238292643156 47.431360860147322 47.956478466440345 1.9535920897324095 62.719371862071213 0.74552287631377367 35.1767459569528 12.952311783184994 60.704284052368436 89.909919796342407 35.852857593356887 69.710369643720767 17.427612742700148 261.66673662975063 43.871484972136386 28.372756997626674 0.0094857961614935281
leaf_count=365715 435765 226736 34506 127260 209996 564273 395 142 62409 2212 6921 184043 80813 81013 459802 686607 8334 680960 4009 287474 146188 739481 935177 378229 785564 116000 4088301 39712 339939 802
internal_value=0 0.0466372 -0.0191383 0.0703951 0.100022 -0.0419565 -0.0636672 -4.00245 0.149031 0.0562972 -0.0947521 0.0335109 -0.00466295 0.0579131 -0.017659 -0.0649795 0.151968 -0.0376642 0.0293807 0.0111439 -0.0419423 -0.0239799 -0.0027397 0.0146939 -0.0121659 0.0925756 -0.0751387 -0.112921 -0.0689775 -0.100008
internal_weight=0 521.668 133.217 388.451 215.417 789.289 408.276 0.025625 101.572 113.845 52.0697 173.033 75.986 97.0474 381.013 408.251 3.57144 110.676 81.1475 62.9744 138.108 73.6566 242.905 83.2842 159.62 18.1731 297.575 48.4983 64.4518 0.023696
internal_count=12078778 1837153 723692 1113461 640332 10241625 6021480 1339 272405 367927 89473 473129 264856 208273 4220145 6020141 15255 1367567 634219 514210 1661373 885669 2558772 838031 1720741 120009 4652574 74218 775704 1197
cat_boundaries=0 1 2 3 4 5 6 7 8 9 10 11 12 13 14 15 16 17 18
cat_threshold=1114176 2 2 960 2 961 1 790798 2 542466 844 768 2108048 8520864 4359201 2 1 2
is_linear=0
shrinkage=0.1


Tree=7
num_leaves=32
num_cat=15
split_feature=2 5 0 1 1 0 3 3 6 3 2 9 0 3 5 6 0 0 6 2 0 3 8 0 0 2 4 0 0 6 3
split_gain=204.402 50.1012 43.6704 30.4289 29.1584 25.1155 30.4264 22.0165 18.3661 14.2587 12.8494 10.9107 10.6821 13.0572 10.1462 8.35395 8.24076 97.7782 6.828 7.47249 6.71993 5.76971 7.44425 4.91259 4.662 3.62138 3.47466 3.04941 2.7439 1.35139 1.04009
threshold=0 1 8.5000000000000018 2 3 2.5000000000000004 8.5000000000000018 1.5000000000000002 4 1.5000000000000002 5 6 6.5000000000000009 1.0000000180025095e-35 7 8 86.500000000000014 87.500000000000014 9 10 1.5000000000000002 1.0000000180025095e-35 11 1.0000000180025095e-35 5.5000000000000009 12 13 16.500000000000004 1.0000000180025095e-35 14 2.5000000000000004
decision_type=9 1 2 1 1 2 2 2 1 2 9 1 2 2 1 1 2 2 1 9 2 2 1 2 2 9 1 2 2 1 2
left_child=1 3 21 7 14 8 -7 15 -5 29 12 -9 28 -14 18 -1 20 -18 19 -2 -12 24 -23 -20 -3 30 -27 -11 -6 -4 -16
right_child=4 2 9 5 10 6 -8 11 -10 27 16 -13 13 -15 25 -17 17 -19 23 -21 -22 22 -24 -25 -26 26 -28 -29 -30 -31 -32
leaf_value=0.078881287338583267 0.0063870341709918029 0.1264328778816656 -0.004728437929299288 -0.026719791509575874 -0.045667323059941471 0.092343352555436464 1.2784282789133803 0.077170937933706982 0.04166241262035298 0.13235437037812314 -0.079622173564263488 0.00075645799620225999 0.2635102409930638 -0.055246519532288853 -0.065085432455932429 0.12437041386912231 10.375884299875473 0.13983995587345649 -0.014884124395620099 -0.04236043852177656 -0.047531042650096694 0.036291716630296171 -0.017663394894308258 0.024150658085982834 0.77559024606343652 0.015496831329223186 -0.037905537193435181 -0.10002721991449848 0.0037385888434624498 -0.11981873692422854 -0.095486305353973649
leaf_weight=75.414106001400796 52.032727570867429 3.5327408213634039 1.0491217326270998 81.847170656616925 23.92336009989365 34.822111495406006 0.21763334700062742 36.144376273421898 75.513452242766192 3.0120549494240545 240.38844662154847 38.68311482265608 3.0258885014591206 2.2337453059080872 22.908076236890338 86.883068940427535 0.009545723885820645 0.4169267686738749 57.56223371236365 76.734182774575345 89.563656035802438 61.164531321141112 34.932253204780864 73.292326784051255 0.11420635945978563 19.046746959844313 33.815592340619332 0.69498641813697748 21.205023075395758 37.062571025111538 22.120921700054168
leaf_count=183035 522407 20631 10824 334291 348006 107475 715 103724 248487 7788 4114821 74461 20205 17660 303552 160891 106 4591 622414 873694 1197490 455868 296832 769733 719 226238 479460 2951 237417 11324 320968
internal_value=0 0.0382621 -0.0126612 0.0559361 -0.0408052 0.0220007 0.0997102 0.079203 0.00609513 -0.0984394 -0.060341 0.0376674 -0.00561855 0.128136 -0.018923 0.103233 -0.0682768 0.368953 -0.00910787 -0.025456 -0.0709112 0.0233023 0.0186169 0.00697946 0.146762 -0.0468873 -0.0156952 0.0887881 -0.0224524 -0.116651 -0.0654787
internal_weight=0 571.087 141.562 429.525 738.279 192.4 35.0397 237.125 157.361 41.8187 380.767 74.8275 50.388 5.25963 357.513 162.297 330.379 0.426472 259.621 128.767 329.952 99.7437 96.0968 130.855 3.64695 97.8913 52.8623 3.70704 45.1284 38.1117 45.029
internal_count=12078778 2020016 806937 1213079 10058762 690968 108190 522111 582778 32887 5940296 178185 623288 37865 4118466 343926 5317008 4697 2788248 1396101 5312311 774050 752700 1392147 21350 1330218 705698 10739 585423 22148 624520
cat_boundaries=0 1 2 3 4 5 6 7 8 9 10 11 12 13 14 15
cat_threshold=65728 2 961 960 2 1179681 1 2 2 2 6432801 9 3086 2 2
is_linear=0
shrinkage=0.1


Tree=8
num_leaves=24
num_cat=9
split_feature=0 3 0 2 0 1 5 2 0 3 6 3 0 0 0 3 6 7 3 3 6 3 6
split_gain=232.145 206.555 482.682 171.044 36.2593 33.4259 29.9603 33.1272 30.792 11.9995 9.93886 2.54338 6.34458 157.148 2.05312 0.85807 0.7509 0.337002 0.15335 0.0412612 0.00523878 4.22824e-10 1.00071e-12
threshold=86.500000000000014 32.500000000000007 1.5000000000000002 0 87.500000000000014 1 2 3 7.5000000000000009 1.0000000180025095e-35 4 2.5000000000000004 105.50000000000001 104.50000000000001 217.00000000000003 2.5000000000000004 5 6 1.5000000000000002 1.0000000180025095e-35 7 8.5000000000000018 8
decision_type=2 2 2 9 2 1 1 9 2 2 1 2 2 2 2 2 1 1 2 2 1 2 1
left_child=1 3 22 6 15 9 7 -1 -8 -5 -7 14 13 -13 19 17 -16 18 -2 -6 -19 -14 -3
right_child=4 2 -4 5 11 10 8 -9 -10 -11 -12 12 21 -15 16 -17 -18 20 -20 -21 -22 -23 -24
leaf_value=0.050745721554721679 -0.35010218985504937 -0.10000866783983886 69.011730817708028 0.069933028818345885 -0.11936011766796853 -0.071252894306939679 0.013600404759522537 -0.005706318756921464 -0.087966431786465779 -0.011153384218388945 -0.042294241847146391 -0.10001964765417022 -0.10001845259841674 16.539122641350648 0.20037346060177025 -0.43394629030870313 -0.11029369165073025 -0.3900848463856072 -0.38026598118043314 -0.10003914058059415 -0.38286252621767702 -0.10003505206671651 -0.10000519260628245
leaf_weight=425.03747885101518 13.015249586671473 0.0015008408736321144 0.0014469319321506191 24.714190593163949 2.4883159646137747 264.31460338235922 120.58430091663081 141.63630243545663 39.668889072028833 69.776149804255908 214.85723377206301 0.10217826972802857 0.22031486092964769 0.0060099260444985694 0.3091967727887095 1.7581934034606082 0.10396159105584946 2.0889401614549596 1.9361674814499572 1.9886800549297197 1.9343215480112119 0.016493986622663215 0.0018498839926895929
leaf_count=1012696 139 167 99 254650 1828 4247499 1036799 1423775 52944 803849 3230773 752 1702 45 64 34 125 19 25 10363 27 100 304
internal_value=0 -0.00577376 20.7435 -0.0058503 -0.307736 -0.0462088 0.0262733 0.0374307 -0.0115413 0.00909269 -0.0570769 -0.0725804 0.189838 0.824296 -0.0910939 -0.367114 0.122201 -0.360921 -0.354008 -0.110778 -0.386612 -0.10002 -0.100007
internal_weight=0 1300.59 0.00479766 1300.59 25.968 573.662 726.927 566.674 160.253 94.4903 479.172 5.23515 0.344997 0.108188 4.89015 20.7329 0.413158 18.9747 14.9514 4.477 4.02326 0.236809 0.00335072
internal_count=12078778 12063555 570 12062985 15223 8536771 3526214 2436471 1089743 1058499 7478272 14979 2599 797 12380 244 189 210 164 12191 46 1802 471
cat_boundaries=0 1 2 3 4 5 6 7 8 9
cat_threshold=1245408 768 2 64 2 2 1 1 2
is_linear=0
shrinkage=0.1


Tree=9
num_leaves=20
num_cat=9
split_feature=3 0 6 0 0 3 5 2 0 1 1 3 8 0 0 6 3 5 6
split_gain=59343.4 48502.3 19359.4 561.988 20027.6 50650.2 2485 192.242 132.246 32.0918 24.8025 159.929 20.0731 1.74078 0.928848 0.543416 0.0273314 1.14874e-09 7.39896e-13
threshold=32.500000000000007 1.5000000000000002 0 104.50000000000001 105.50000000000001 2.5000000000000004 1 2 86.500000000000014 3 4 20.500000000000004 5 217.00000000000003 87.500000000000014 6 1.0000000180025095e-35 7 8
decision_type=2 2 1 2 2 2 1 9 2 1 1 2 1 2 2 1 2 1 1
left_child=3 18 -3 7 5 17 -7 10 9 -9 11 -1 -12 16 -10 -15 -6 -5 -2
right_child=1 2 -4 4 13 6 -8 8 14 -11 12 -13 -14 15 -16 -17 -18 -19 -20
leaf_value=0.068506493898585805 -0.10000783971152699 -316.14947458533254 -773.30017384231019 -0.10004531430693626 -0.11818816487008731 -191.07816080569765 -130.50809786669058 -0.0075008130354409265 -0.28657470794371082 -0.060785072638728135 0.058193347811014928 -15.832864078534715 0.0067626336444729642 0.15826465094279635 -0.1000097291357621 -0.10902047117032286 -0.1000358570214392 -0.10000992380317895 -0.10000469827576126
leaf_weight=123.18329222146347 0.0013580276317952666 0.0018972359830513597 0.0018101882305927575 0.056053829634038266 1.8649427248658241 0.014122947861324064 0.013016029814025387 180.25526416199801 23.698066151446259 367.35074011482726 79.946659846229039 0.0063253090559233218 545.01279078468644 0.34925419938736013 0.26989993429742654 0.097243403160974018 1.4939060212187412 0.010965916164361711 0.0016738521080686955
leaf_count=469851 167 42 58 171 1087 28 17 2187818 171 6348953 396168 37 2662168 83 3071 149 8307 128 304
internal_value=0 -296.756 -539.358 -0.0140413 -1.21276 -46.772 -162.028 -0.0104994 -0.0536176 -0.0444925 0.0228535 0.0626078 0.0141547 -0.0854548 -0.284474 0.100052 -0.110115 -0.10004 -0.100006
internal_weight=0 0.0067393 0.00370742 1323.62 3.89951 0.0941587 0.027139 1319.72 571.574 547.606 748.149 123.19 624.959 3.80535 23.968 0.446498 3.35885 0.0670197 0.00303188
internal_count=12078778 571 100 12078207 9970 344 45 12068237 8540013 8536771 3528224 469888 3058336 9626 3242 232 9394 299 471
cat_boundaries=0 1 2 3 4 5 6 7 8 9
cat_threshold=2 2 1245408 896 768 12 2 2 2
is_linear=0
shrinkage=0.1


Tree=10
num_leaves=32
num_cat=16
split_feature=2 0 1 5 8 0 0 3 0 2 1 3 3 0 1 0 0 2 8 3 3 0 6 0 6 5 3 6 5 7 7
split_gain=159.224 94.3007 29.2721 23.4403 28.9086 28.5119 28.2683 22.7127 20.2735 18.0668 15.2093 11.5695 10.996 27.3505 8.02945 7.6138 7.01596 7.22405 4.7136 9.57487 5.66722 2.70896 2.57898 1.35682 1.05987 0.132265 0.214031 0.0196645 1.53179e-10 1.17589e-11 1.13496e-11
threshold=0 86.500000000000014 1 2 3 16.500000000000004 8.5000000000000018 1.0000000180025095e-35 40.500000000000007 4 5 1.5000000000000002 1.0000000180025095e-35 37.500000000000007 6 1.0000000180025095e-35 1.5000000000000002 7 8 1.0000000180025095e-35 1.5000000000000002 16.500000000000004 9 87.500000000000014 10 11 1.0000000180025095e-35 12 13 14 15
decision_type=9 2 1 1 1 2 2 2 2 9 1 2 2 2 1 2 2 9 1 2 2 2 1 2 1 1 2 1 1 1 1
left_child=3 2 12 4 5 10 18 9 -7 -6 -1 24 13 -2 -9 -14 22 -18 20 -20 -5 -13 -4 25 -8 26 -3 -27 29 -25 -30
right_child=1 23 16 6 7 8 11 14 -10 -11 -12 21 15 -15 -16 -17 17 -19 19 -21 -22 -23 -24 28 -26 27 -28 -29 30 -31 -32
leaf_value=0.032707476412146809 0.032907468404357605 -0.26724850763249858 -0.05751213912487925 -0.031420805087252486 0.10696254364475417 0.37402453211774922 -0.014572883818163752 0.046246694451500162 -0.10064194724125286 -0.0071318959562205134 -0.0066946813898826826 0.10755818654107661 -0.051090590292771569 2.8969745344063362 -0.010353890191851739 -0.0022348686657367839 -0.00015009164753823276 -0.057054078746958198 0.16676282095433242 -0.030025895402051417 0.037451767579226962 -0.10001979789212211 -0.0781539189175149 -0.10001022060848619 -0.11142563487425812 -0.23123765041566449 -0.23855050323492777 -0.23874856679622419 -0.10000750523043381 -0.1000114551292844 -0.10001016726531427
leaf_weight=154.19078185808706 45.893300249284948 4.1233750879764557 108.25213395644191 14.578696907447236 87.999554667956545 3.5859551215107777 1.1700743411711301 53.574007000192125 1.2012365471819064 23.377846490111523 239.63589542414172 3.3718034861813058 53.150862125065018 0.033366849456796355 41.292563882996689 79.776314809168198 44.077811265977516 55.190546663923925 2.6238186721166121 42.865784582718334 66.198295779693581 0.77278577120887337 137.2927400872864 0.25338594256026881 32.884910921777191 7.8130510265182238 7.0287923495634459 6.2936124838306604 0.32010438546421838 0.11093687111861328 0.016859571893292014
leaf_count=379087 162521 18 254228 77756 188779 9972 2379 141284 3680 98255 689304 8140 106349 212 131687 173977 77907 117351 9277 290476 385138 3556 350412 856 2464 33 38 27 586 348 53
internal_value=0 -0.0502625 -0.0419545 0.0196944 0.0290525 0.0120392 -0.0135241 0.0585137 0.254918 0.0919777 0.00939254 -0.088899 -0.00681428 0.0349883 0.0253937 -0.0217698 -0.0582934 -0.0375498 0.0092791 -0.0153097 0.0222652 0.0688539 -0.0690537 -0.237213 -0.108098 -0.241023 -0.249161 -0.234589 -0.100009 -0.100011 -0.100008
internal_weight=0 549.627 523.667 769.324 604.858 398.614 164.466 206.244 4.78719 111.377 393.827 38.1996 178.854 45.9267 94.8666 132.927 344.813 99.2684 126.267 45.4896 80.777 4.14459 245.545 25.9601 34.055 25.2588 11.1522 14.1067 0.701287 0.364323 0.336964
internal_count=3666150 1244916 1242957 2421234 1642048 1082043 779186 560005 13652 287034 1068391 16539 443059 162733 272971 280326 799898 195258 762647 299753 462894 11696 604640 1959 4843 116 56 60 1843 1204 639
cat_boundaries=0 1 2 3 4 5 6 7 8 9 10 11 12 13 14 15 16
cat_threshold=1245409 896 2 1 1048640 896 737 14989328 9 1 2 2 2 2 1 1
is_linear=0
shrinkage=0.1


Tree=11
num_leaves=31
num_cat=19
split_feature=2 0 1 2 5 0 6 1 4 1 4 6 2 0 0 6 9 0 1 3 3 0 3 0 0 9 5 5 7 9
split_gain=134.589 68.347 22.7722 20.0244 26.7976 27.6159 21.109 18.4222 15.9509 13.9073 9.1384 8.99069 9.23246 7.47054 5.34143 5.01843 4.87553 4.28585 4.20516 6.11558 4.10167 1.91583 1.82391 0.98143 0.702044 0.155817 0.169904 8.74766e-11 5.23004e-12 4.77435e-12
threshold=0 86.500000000000014 1 2 3 5.5000000000000009 4 5 6 7 8 9 10 4.5000000000000009 1.5000000000000002 11 12 29.500000000000004 13 7.5000000000000009 1.5000000000000002 1.0000000180025095e-35 4.5000000000000009 3.5000000000000004 87.500000000000014 14 15 16 17 18
decision_type=9 2 1 9 1 2 1 1 1 1 1 1 9 2 2 1 1 2 1 2 2 2 2 2 2 1 1 1 1 1
left_child=3 2 10 4 6 14 9 -8 -7 -1 15 21 -13 18 -6 -2 17 -15 22 -20 -18 -4 -5 -12 25 26 -3 29 -29 -26
right_child=1 24 11 13 5 8 7 -9 -10 -11 23 12 -14 16 -16 -17 20 -19 19 -21 -22 -23 -24 -25 27 -27 -28 28 -30 -31
leaf_value=0.040938278889907843 -0.0026182639079646366 -0.22522039885538653 -0.076734340048153951 -0.0098300544272177937 0.004063877241856073 -0.10160527147777386 -0.002612466697152099 0.069143605067929603 0.095425311267280682 -0.0076648531971585214 -0.075599908434828361 0.023940086236799177 -0.043078438201496289 0.052400487455627323 0.062712911309767236 0.050983443643663889 0.041985932064036752 0.21012511946276541 -0.049246017629131091 0.20062193409494627 -0.11680616577644701 -0.057474250461638877 0.026114578260797185 -9.2126154212805061e-05 -0.10000901219338323 -0.19409945798239525 -0.20671912160995509 -0.10000675295760884 -0.10000842348277338 -0.10000982920028297
leaf_weight=96.937793531717062 36.964388420434261 8.1694182732317131 103.13433497998992 128.6299279977502 66.296671738477187 38.182874089630786 51.588068095210389 195.76852855417852 4.6043040951262801 129.49962052869884 12.291606470182158 20.65877766569551 151.60906811318338 15.74640008164716 20.278604310777155 33.113894342393905 3.5210527621238734 1.934460731783475 53.189195776209196 0.99790411480174768 3.0234984481807547 103.45174170487209 15.857050039267419 2.0017056649012366 0.19757950797065607 4.8638023567909867 12.648953322801393 0.26146225695265357 0.020188480681099463 0.11211171680770601
leaf_count=172614 77626 36 270742 509719 498483 46791 131222 318985 15030 392046 23041 40649 330760 67325 112291 129152 15450 7044 160226 2482 13126 230594 69991 3710 425 24 53 518 59 287
internal_value=0 -0.0498169 -0.0419355 0.0158279 0.0252403 -0.0146802 0.0366727 0.056868 -0.0804029 0.0146116 0.00701534 -0.0516586 -0.0361524 -0.00963173 0.0178013 0.02271 0.0423633 0.0696571 -0.0164566 -0.0376891 -0.031374 -0.0670895 -0.00550428 -0.0650254 -0.207734 -0.210214 -0.213979 -0.100008 -0.100007 -0.100009
internal_weight=0 489.499 463.226 826.056 603.156 129.362 473.794 247.357 42.7872 226.437 84.3716 378.854 172.268 222.899 86.5753 70.0783 24.2254 17.6809 198.674 54.1871 6.54455 206.586 144.487 14.2933 26.2735 25.6822 20.8184 0.591342 0.281651 0.309691
internal_count=3640501 1107676 1106274 2532825 1687462 672595 1014867 450207 61821 564660 233529 872745 371409 845363 610774 206778 102945 74369 742418 162708 28576 501336 579710 26751 1402 113 89 1289 577 712
cat_boundaries=0 1 2 3 4 5 6 7 8 9 10 11 12 13 14 15 16 17 18 19
cat_threshold=3375329 768 64 2 2 7 2 897 2 2 8389632 2 1 992 1 2 2 1 1
is_linear=0
shrinkage=0.1


Tree=12
num_leaves=31
num_cat=15
split_feature=2 0 1 2 5 0 8 3 3 0 2 6 0 0 2 3 0 3 0 1 3 6 3 0 9 5 3 5 7 7
split_gain=113.6 54.2312 21.3918 15.6878 20.9761 23.7963 19.9197 20.7219 14.0795 12.7948 6.88933 6.90191 6.13028 4.90736 5.16937 4.04836 3.94292 3.91401 3.74113 3.5841 4.54159 1.61241 1.46031 0.394171 0.125266 0.106883 1.96222e-09 6.18451e-11 5.82451e-12 5.43082e-12
threshold=0 86.500000000000014 1 2 3 5.5000000000000009 4 1.0000000180025095e-35 1.5000000000000002 11.500000000000002 5 6 4.5000000000000009 1.5000000000000002 7 1.0000000180025095e-35 1.5000000000000002 4.5000000000000009 61.500000000000007 8 7.5000000000000009 9 4.5000000000000009 87.500000000000014 10 11 8.5000000000000018 12 13 14
decision_type=9 2 1 9 1 2 1 2 2 2 9 1 2 2 9 2 2 2 2 1 2 1 2 2 1 1 2 1 1 1
left_child=3 2 10 4 6 16 9 -8 -7 -1 15 -12 19 21 -15 -2 -6 18 -14 22 -21 -4 -5 24 25 -3 -19 28 -25 -29
right_child=1 23 13 12 5 8 7 -9 -10 -11 11 -13 17 14 -16 -17 -18 26 -20 20 -22 -23 -24 27 -26 -27 -28 29 -30 -31
leaf_value=0.012825508212173388 0.008408199193435521 -0.20171410058846684 -0.07383732166175376 -0.0089937528519101664 0.0036445597245696503 -0.10211793743345382 0.092187189102720557 0.022159284418486136 0.061992674395728226 0.15210103308791323 -0.020327827978261929 0.025467246364698583 0.056690167547874849 1.9196071195997757e-05 -0.053354646281068355 -0.081713061791785349 0.052823551780111402 -0.10001400234924392 -0.15417164790843346 -0.046535838645008036 0.15050041197623271 -0.055709280789991614 0.022808143605542699 -0.10000816428155229 -0.17499518420342197 -0.18704487640272788 -0.10002262747515654 -0.10000612636233296 -0.10000916090432257 -0.1000079448286237
leaf_weight=311.78498287655839 6.4563339014785042 8.2063623827707488 110.82665183462814 127.44819355980508 66.56481605779851 34.187278830620926 97.709290060942294 74.455120255977761 6.1714376450181581 6.738604820915497 64.005554635682188 67.741592194852274 22.334369222866368 35.988580279878519 50.021604957874004 21.865732315738569 21.590494326723274 1.5986551807218345 0.87434858534106652 50.493741194939915 1.19755541515262 88.04458141488891 16.283892510403717 0.18059295030252287 4.8549508323922081 12.582982422958597 0.31588202319174286 0.21708078424853638 0.086836812246476991 0.01776727351534646
leaf_count=685362 16025 41 328155 487770 498481 40775 173002 145661 20799 10841 129387 190394 101541 64838 117754 43627 112291 7035 2973 152559 4129 226037 78307 368 24 55 991 475 277 55
internal_value=0 -0.046782 -0.0395503 0.0140644 0.02218 -0.0134263 0.0319575 0.0585044 -0.077023 0.0152919 -0.00769294 0.00299193 -0.00869461 -0.0552412 -0.0372229 -0.0452071 0.0156892 0.0374098 0.0487463 -0.0150666 -0.0351676 -0.0658116 -0.00504015 -0.18774 -0.189458 -0.192835 -0.100015 -0.100007 -0.100008 -0.100006
internal_weight=0 471.097 444.951 839.749 619.202 128.514 490.688 172.164 40.3587 318.524 160.069 131.747 220.547 284.881 86.0102 28.3221 88.1553 25.1233 23.2087 195.423 51.6913 198.871 143.732 26.1466 25.6443 20.7893 1.91454 0.502278 0.26743 0.234848
internal_count=3640029 1117512 1116217 2522517 1687212 672346 1014866 318663 61574 696203 379433 319781 835305 736784 182592 59652 610772 112540 104514 722765 156688 554192 566077 1295 120 96 8026 1175 645 530
cat_boundaries=0 1 2 3 4 5 6 7 8 9 10 11 12 13 14 15
cat_threshold=3375329 896 64 2 1 266252 2 12859408 992 2 1 2 2 1 1
is_linear=0
shrinkage=0.1


Tree=13
num_leaves=31
num_cat=21
split_feature=2 0 1 1 8 5 2 9 0 7 0 3 1 1 2 6 0 2 3 4 1 0 6 0 0 9 5 5 7 9
split_gain=95.3658 44.3267 19.44 15.2587 12.7079 13.0333 10.3082 11.2884 9.83136 9.69537 23.1285 9.17906 6.57346 6.17161 5.84897 5.52124 4.70444 4.81347 3.83006 2.64307 2.60439 1.69949 1.59464 0.263111 0.249795 0.111352 0.0718984 5.38243e-11 3.36395e-12 2.66959e-12
threshold=0 86.500000000000014 1 2 3 4 5 6 6.5000000000000009 7 29.500000000000004 1.5000000000000002 8 9 10 11 1.5000000000000002 12 1.0000000180025095e-35 13 14 10.500000000000002 15 87.500000000000014 1.0000000180025095e-35 16 17 18 19 20
decision_type=9 2 1 1 1 1 9 1 2 1 2 2 1 1 9 1 2 9 2 1 1 2 1 2 2 1 1 1 1 1
left_child=3 2 14 6 5 13 7 11 -9 10 -6 -1 -11 -5 18 -16 22 -18 -2 24 -7 -21 -4 25 -8 26 -3 29 -29 -25
right_child=1 23 16 4 9 20 19 8 -10 12 -12 -13 -14 -15 15 -17 17 -19 -20 21 -22 -23 -24 27 -26 -27 -28 28 -30 -31
leaf_value=0.058935819593221944 0.0084147537252546919 -0.18453306601267577 -0.071885901771172211 -0.018998532142793446 0.050581013401656744 0.024622344622538608 -0.056332981920769187 0.10503188663539949 -0.05585151636096744 0.0086431672569028655 0.76842723706196459 -0.014781470799982786 -0.012345062207101513 0.066022074789317847 -0.018671999849397349 0.022251087345118142 0.00053893425030836835 -0.051104554447507992 -0.08011386884963223 -0.006730414071224192 -0.036683381561273001 0.23239767612262541 -0.053295608652476546 -0.1000074099898336 -0.10000949439193144 -0.16023886132050924 -0.1723900808813329 -0.10000548158619503 -0.10000721733735998 -0.10000806721555398
leaf_weight=45.206741838112066 6.4559357564794508 8.0784095797280315 103.13637340829433 10.982427519127667 21.187626906986797 4.3713020019058888 2.2895526574986671 48.270544293834561 4.1227249667208516 276.73099221609402 0.4585469882003953 26.967306746759277 302.24931201155016 66.37463479053622 62.702668035811072 69.523446907612325 35.75085662932581 47.260082897284306 20.108436983136926 24.656876934815962 16.203621553839188 0.3008326942945122 83.495433423217662 0.15684295701794074 3.0589090114426445 4.7756899398664272 12.300535544112794 0.21955406056076654 0.0117635756614618 0.1019981369172481
leaf_count=60952 15955 37 328836 30170 64804 21997 13268 120213 5779 696221 945 62011 1016234 158790 116221 221673 64629 117316 43499 184617 84653 1890 226563 400 14758 25 52 536 49 272
internal_value=0 -0.0438968 -0.0372194 0.0123442 0.00576378 0.0373976 0.0398756 0.0528016 0.0923723 7.79173e-05 0.0657877 0.0313919 -0.00237741 0.0600304 -0.00699359 0.002645 -0.0528016 -0.0349544 -0.0425726 -0.0131726 -0.0295205 -0.00384804 -0.063569 -0.172569 -0.0813126 -0.173983 -0.177204 -0.100007 -0.100006 -0.100008
internal_weight=0 454.078 428.433 853.432 698.558 97.932 154.873 124.567 52.3933 600.626 21.6462 72.174 578.98 77.3571 158.79 132.226 269.643 83.0109 26.5644 30.3062 20.5749 24.9577 186.632 25.6448 5.34846 25.1546 20.3789 0.490159 0.231318 0.258841
internal_count=3673365 1136063 1134692 2537302 2073814 295610 463488 248955 125992 1778204 65749 122963 1712455 188960 397348 337894 737344 181945 59454 214533 106650 186507 555399 1371 28026 114 89 1257 585 672
cat_boundaries=0 1 2 3 4 5 6 7 8 9 10 11 12 13 14 15 16 17 18 19 20 21
cat_threshold=3375329 896 768 12 2 2162880 2 2 193 6 266252 2 12859408 1 129 2 1 2 2 1 1
is_linear=0
shrinkage=0.1


Tree=14
num_leaves=32
num_cat=18
split_feature=2 0 1 0 6 2 0 5 3 8 1 3 0 0 9 2 0 2 1 9 3 6 6 3 0 0 9 3 7 5 5
split_gain=80.1035 37.3412 18.0101 15.9048 56.1764 11.7761 15.2196 18.8892 13.5244 15.0015 8.14119 8.05472 7.77254 5.37911 5.24353 5.22524 4.54406 4.35027 3.56643 3.11381 4.26314 1.69883 1.57288 1.35791 0.827398 0.167199 0.105667 1.29184e-06 7.5484e-08 3.76272e-10 3.55986e-11
threshold=0 38.500000000000007 1 37.500000000000007 2 3 8.5000000000000018 4 1.0000000180025095e-35 5 6 1.5000000000000002 2.5000000000000004 1.0000000180025095e-35 7 8 1.5000000000000002 9 10 11 14.500000000000002 12 13 1.5000000000000002 86.500000000000014 87.500000000000014 14 1.0000000180025095e-35 15 16 17
decision_type=9 2 1 2 1 9 2 1 2 1 1 2 2 2 1 9 2 9 1 1 2 1 1 2 2 2 1 2 1 1 1
left_child=5 2 3 15 -5 6 8 10 9 -1 -8 -9 -10 19 18 -2 22 -18 -15 20 -7 -21 -4 -16 27 26 -26 28 -3 -29 -27
right_child=1 24 16 4 -6 13 7 11 12 -11 -12 -13 -14 14 23 -17 17 -19 -20 21 -22 -23 -24 -25 25 30 -28 29 -30 -31 -32
leaf_value=0.016868195704419747 -0.043842321308311484 -0.10018785094593066 -0.050667373342095347 7.2908217125198718 -0.10013128734364435 -0.039711587005234521 -0.029696647518691017 -0.10361961385631582 -0.00042847264397152286 0.065746353191411505 0.068467503875765473 0.047387416626367779 0.040466754986080877 -0.0084445174117263027 -0.0060102604904369271 0.0021395916128422203 -0.0010975265961159755 -0.050224574013202794 0.033122481739390343 -0.022668673645809479 0.44134265477708445 0.023301633676210132 -0.06972519294379248 -0.04267632511138704 -0.16517393243806577 -0.10000687031341332 -0.14841065881751325 -0.10000913263391059 -0.1000859534455604 -0.10000617429209631 -0.100005074675334
leaf_weight=185.84761543078628 20.269661802620249 0.53742074486945357 79.047977646595001 0.013530169664591085 0.042860436122281409 67.996231936649906 9.9007618540895788 26.768724443434682 239.86540697951401 108.80247186866472 10.658473959658297 4.0692488786080494 57.643471724175441 31.500045020092394 20.212075889285192 135.86753928289062 39.540953411251394 40.221698882717703 48.587497851967633 16.808314675009427 0.18472251319965849 15.408020558064889 95.777419208702639 20.189755305188068 19.710559022074452 0.23531142101273872 4.6468000589666216 0.68638254449615488 0.084071517820120789 1.1507394861109785 0.20799788093427096
leaf_count=408113 49454 473 226410 30 85 208418 13882 2881 884552 175829 17499 8960 155987 117188 82685 365401 72360 106421 203310 58611 802 47806 328225 82211 92 682 23 3058 215 2593 563
internal_value=0 -0.0411039 -0.0345211 -0.00553957 1.67323 0.0109248 0.0177289 -0.0341942 0.022535 0.0377208 0.0400525 -0.0836934 0.00749513 -0.00880818 0.00503788 -0.00650066 -0.0501156 -0.032305 0.0198547 -0.0263025 -0.0384083 -0.000682578 -0.0611081 -0.0243332 -0.155383 -0.160868 -0.161976 -0.100049 -0.100174 -0.100007 -0.100006
internal_weight=0 438.041 410.782 156.194 0.0563906 864.443 643.556 51.3972 592.159 294.65 20.5592 30.838 297.509 220.887 120.489 156.137 254.588 79.7627 80.0875 100.397 68.181 32.2163 174.825 40.4018 27.2593 24.8007 24.3574 2.45861 0.621492 1.83712 0.443309
internal_count=3624819 1156085 1148386 414970 115 2468734 1667703 43222 1624481 583942 31381 11841 1040539 801031 485394 414855 733416 178781 320498 315637 209220 106417 554635 164896 7699 1360 115 6339 688 5651 1245
cat_boundaries=0 1 2 3 4 5 6 7 8 9 10 11 12 13 14 15 16 17 18
cat_threshold=3375329 896 2 64 2 1 418 1 4108 12859416 558 1 1 1 1 1 2 2
is_linear=0
shrinkage=0.1


Tree=15
num_leaves=32
num_cat=18
split_feature=2 0 1 1 8 5 6 0 2 4 2 9 7 0 0 3 0 1 3 1 4 0 6 0 0 9 3 3 5 3 6
split_gain=74.6566 37.2836 16.2749 11.3648 9.18077 8.86252 8.37029 10.3447 8.91975 7.17124 7.03115 7.31687 6.77881 13.6468 6.3539 6.30342 5.72037 5.58363 4.63792 2.48378 2.34856 1.41298 1.31328 1.13722 0.271516 0.108931 0.342028 0.102429 0.370486 0.0621296 0.0138707
threshold=0 28.500000000000004 1 2 3 4 5 27.500000000000004 6 7 8 9 10 1.5000000000000002 6.5000000000000009 1.5000000000000002 31.500000000000004 11 6.5000000000000009 12 13 86.500000000000014 14 3.5000000000000004 1.0000000180025095e-35 15 1.5000000000000002 1.0000000180025095e-35 16 2.5000000000000004 17
decision_type=9 2 1 1 1 1 1 2 9 1 9 1 1 2 2 2 2 1 2 1 1 2 1 2 2 1 2 2 1 2 1
left_child=3 2 9 10 5 17 7 -4 -8 18 11 14 13 -6 -1 -13 -14 -5 -2 -7 24 27 -22 -11 -12 29 -27 28 -3 -23 -29
right_child=1 21 6 4 12 19 8 -9 -10 23 20 15 16 -15 -16 -17 -18 -19 -20 -21 22 25 -24 -25 -26 26 -28 30 -30 -31 -32
leaf_value=0.08132147781820584 0.018620974603348783 -0.22954252617497484 -0.059674856682005874 -0.011773474447500688 -0.016260090445946798 0.02427415627007902 0.030464162308526332 1.0142334989744641 -0.034392872270612336 -0.072416437242215845 -0.052163857338153097 0.046740854475399975 -0.0020179144243540744 0.13665620898529063 -0.051597070024564533 -0.013709264583489171 -0.11145206474662839 0.055901123246058407 0.25396344518918273 -0.034678619914342027 0.01779166369974489 -0.15336382909185292 -0.028480923741150702 0.014520282675392708 -0.10000850307708929 -0.15981054555187196 -0.10404019926561386 -0.10000736195147374 -0.10742231381688572 -0.17678269536330923 -0.10972706489290265
leaf_weight=54.577674300897343 69.965082538983552 0.32967491438466712 163.65118289286127 17.194280076277209 13.130539314273872 4.420778955995047 19.125775977018275 0.089747331716352075 130.21780408690051 10.873630448905372 2.0900767569006811 48.961940870067345 577.95786525530366 10.505501633516065 3.8501138948558937 26.63259966769143 4.8164031639967098 66.817455502812265 0.84752357452816696 15.534611948241947 13.582099467195803 17.942715533303275 11.184121590253202 1.7463157501333615 2.7424766910356531 2.7735156972266877 1.8220699295125085 1.7018403092224628 1.0080112787472897 1.2091790650520113 10.695866952941284
leaf_count=124553 248551 128 496469 41112 40986 22174 42181 209 327506 23336 4605 63071 1711749 27447 5780 59846 9310 164704 2229 83746 57826 858 53019 3894 5735 209 172 4510 978 100 3509
internal_value=0 -0.0404959 -0.0324174 0.009797 0.00410567 0.0301715 -0.0421253 -0.0590862 -0.02635 0.00809124 0.0328469 0.0427926 -0.00078021 0.0517066 0.0725628 0.0254438 -0.00292235 0.047303 0.0214377 -0.0268325 -0.0116212 -0.136759 -0.00310447 -0.0603864 -0.0793157 -0.151525 -0.137699 -0.111229 -0.137519 -0.154842 -0.108393
internal_weight=0 434 396.517 873.999 710.377 103.967 313.085 163.741 149.344 83.4326 163.621 134.022 606.41 23.636 58.4278 75.5945 582.774 84.0117 70.8126 19.9554 29.5988 37.4829 24.7662 12.6199 4.83255 23.7475 4.59559 13.7354 1.33769 19.1519 12.3977
internal_count=3630502 1154839 1144375 2475663 2101228 311736 866365 496678 369687 278010 374435 253250 1789492 68433 130333 122917 1721059 205816 250780 105920 121185 10464 110845 27230 10340 1339 381 9125 1106 958 8019
cat_boundaries=0 1 2 3 4 5 6 7 8 9 10 11 12 13 14 15 16 17 18
cat_threshold=3375329 768 768 12 2 2 8389632 2 2162880 1 2 7 129 1 2 1 1 1
is_linear=0
shrinkage=0.1


Tree=16
num_leaves=32
num_cat=14
split_feature=2 0 1 0 7 1 3 0 7 2 0 0 0 5 9 2 2 3 3 8 5 6 3 3 0 3 3 9 0 3 3
split_gain=63.9811 35.6074 15.4194 17.9912 17.3015 8.79348 8.60755 8.35832 7.65903 7.6091 8.44004 8.40867 98.0032 7.41269 7.13728 6.88054 4.88034 4.4954 5.73629 4.46305 6.7854 3.57112 2.68556 1.52245 0.996343 0.130697 0.171583 0.110006 0.0307638 0.0910243 8.35596e-07
threshold=0 34.500000000000007 1 29.500000000000004 2 3 1.0000000180025095e-35 1.5000000000000002 4 5 8.5000000000000018 39.500000000000007 40.500000000000007 6 7 8 9 4.5000000000000009 7.5000000000000009 10 11 12 1.0000000180025095e-35 13.500000000000002 86.500000000000014 3.5000000000000004 4.5000000000000009 13 38.500000000000007 1.0000000180025095e-35 1.0000000180025095e-35
decision_type=9 2 1 2 1 1 2 2 1 9 2 2 2 1 1 9 9 2 2 1 1 1 2 2 2 2 2 1 2 2 2
left_child=5 2 6 7 -5 9 16 -4 19 10 14 23 -13 -12 -1 -8 -2 21 -19 20 -7 -10 -21 -11 28 27 -27 -26 29 -3 -30
right_child=1 24 3 4 -6 8 15 -9 17 11 13 12 -14 -15 -16 -17 -18 18 -20 22 -22 -23 -24 -25 25 26 -28 -29 30 -31 -32
leaf_value=0.041544770619460027 0.037080515638525845 -0.14364677358546959 -0.064191352548979674 0.10387821215017248 1.1362989119910154 0.056897736467739428 -0.0004603040817897388 -0.021626840106316568 0.078037228054592497 -0.01144804092587795 0.030807256204600432 10.572909762397632 0.20192657317501195 -0.081278487352729675 0.013671805128496611 -0.04137391563283474 -0.017261397656571916 0.3833937135575925 -0.10008610636165803 -0.0011328293453227538 -0.056610325657925356 0.0041779611803522609 -0.020620392945298861 0.2041570953875437 -0.1466822922026004 -0.25097028351559231 -0.15755813794119666 -0.12824203415491028 -0.10012775789823179 -0.10944944068717982 -0.10000789221310512
leaf_weight=208.29275209008478 42.520906783996907 0.85170232467498763 145.20094531779901 0.49040629471710317 0.24262632658064831 24.849205725440697 93.469125303563956 67.618547857492274 12.76865984585311 85.815661675267663 10.531189119984646 0.0093694940733247134 0.33118913289945345 13.418046747647196 164.36028793759766 71.866037714272252 20.213292709420784 0.82742333554051473 0.34886883849685546 143.11673445839915 6.6828540312926661 13.433310664542661 139.78823654744588 0.32876477682312 17.709990004645078 0.25093964452389517 0.9087178206682438 3.9580865620155299 0.90303211570426301 9.0370240548800194 1.6337580607214475
leaf_count=537413 164623 343 547434 1418 373 55788 237011 183100 28585 289766 14078 41 1388 6264 276055 201108 63921 2504 919 355527 21156 39881 587931 1434 853 48 81 236 1341 1224 4766
internal_value=0 -0.035208 -0.0282258 -0.0467737 0.445599 0.0104334 -0.00843774 -0.0506674 -0.00191636 0.0190332 0.0249246 -0.00776663 0.487254 -0.0319911 0.0292513 -0.0207744 0.0227305 0.0487564 0.240002 -0.00638942 0.0249336 0.0401708 -0.0103945 -0.0106252 -0.132661 -0.145064 -0.177772 -0.143314 -0.109875 -0.112395 -0.100051
internal_weight=0 476.875 441.622 213.553 0.733033 824.903 228.069 212.819 341.815 483.087 396.602 86.485 0.340559 23.9492 372.653 165.335 62.7342 27.3783 1.17629 314.437 31.5321 26.202 282.905 86.1444 35.2533 22.8277 1.15966 21.6681 12.4255 9.88873 2.53679
internal_count=3626610 1407880 1398988 732325 1791 2218730 666663 730534 1092291 1126439 833810 292629 1429 20342 813468 438119 228544 71889 3423 1020402 76944 68466 943458 291200 8892 1218 129 1089 7674 1567 6107
cat_boundaries=0 1 2 3 4 5 6 7 8 9 10 11 12 13 14
cat_threshold=196832 960 1 961 1 65728 2 1 13117971 10497290 4 2 1 1
is_linear=0
shrinkage=0.1


Tree=17
num_leaves=31
num_cat=11
split_feature=0 0 0 2 5 1 5 6 3 3 8 0 3 1 0 3 3 6 5 3 0 0 3 0 0 0 3 5 0 7
split_gain=172.886 44.0625 96.3043 39.4664 33.7861 14.6335 9.75979 11.6782 13.9367 10.9528 9.12022 8.5533 20.8771 8.10059 4.58147 3.92357 3.89689 3.88364 3.95517 3.60021 2.38397 18.6338 28.9168 1.61178 1.08693 0.288467 0.0120853 0.209452 0.00366292 0.000356185
threshold=34.500000000000007 40.500000000000007 39.500000000000007 0 1 2 3 4 1.0000000180025095e-35 1.5000000000000002 5 5.5000000000000009 3.5000000000000004 6 3.5000000000000004 1.5000000000000002 1.5000000000000002 7 8 1.5000000000000002 61.500000000000007 58.500000000000007 2.5000000000000004 217.00000000000003 1.0000000180025095e-35 87.500000000000014 1.0000000180025095e-35 9 37.500000000000007 10
decision_type=2 2 2 9 1 1 1 1 2 2 1 2 2 1 2 2 2 1 1 2 2 2 2 2 2 2 2 1 2 1
left_child=3 2 26 6 15 11 7 13 -9 14 -11 16 -13 -1 -8 -4 -5 24 -19 -6 21 29 -23 25 -7 -22 27 -2 -28 -3
right_child=1 20 4 5 19 17 9 8 -10 10 -12 12 -14 -15 -16 -17 -18 18 -20 -21 23 22 -24 -25 -26 -27 28 -29 -30 -31
leaf_value=0.021773418461749662 -0.17374863755246886 -0.10004607427062678 -0.8987440660602195 0.028922211059876319 -0.52581562260243142 -0.069238672205340746 -0.015840581419863716 0.040715719567829982 0.0038276457315598311 0.021855794223448591 -0.028911385314320633 0.050928045566918656 0.6715616122636483 -0.010263103763237342 -0.071105971166549958 -0.66932474642923179 -0.022099609157187373 -0.020068118317338839 -0.06167147026815209 -0.34806869442839661 -0.13661117908066087 0.46144413031761061 4.2176527361594998 0.041225070912077361 -0.0505462363958189 -0.10431224260070726 -0.10003309085801507 -0.093225833560427462 -0.1085477360838101 -0.10276988993104763
leaf_weight=102.45698930168088 0.4637757111776899 2.3663967841203002 2.1096944839591747 27.146040892279416 1.6984150503267299 61.758877028665736 26.137225210241382 225.15539305499613 187.88988630457141 86.004163809302554 46.259617134008607 3.3126392750928058 0.64802859337214602 254.83387204701478 35.203796577683534 1.1527902366142369 33.372449962433166 70.0549622556386 33.913367985682072 3.4628985566814663 23.031549062310667 0.17809004980517773 0.023160538832598832 0.54367858674231584 62.679010082494827 3.1424365467019433 0.53846002527279502 1.064450373771251 8.1884770989054232 0.60227516884333532
leaf_count=257875 54 6359 277 101378 123 239065 90071 465223 477414 427555 221925 10524 2091 692908 61316 75 85785 185490 101998 76 2966 403 81 61 191203 5839 1465 1007 952 961
internal_value=0 -0.194766 -0.315251 -0.00248131 -0.565784 -0.0339737 0.00736345 0.0124843 0.0239357 -0.0126315 0.00356639 0.00874745 0.152474 -0.000754132 -0.0475576 -0.817679 0.000786626 -0.045895 -0.0336387 -0.406559 -0.119465 -0.0374718 0.89372 -0.129193 -0.0598233 -0.132733 -0.109459 -0.117662 -0.108022 -0.100599
internal_weight=0 48.5665 18.679 1256.83 8.4238 292.885 963.941 770.336 413.045 193.605 132.264 64.4792 3.96067 357.291 61.341 3.26248 60.5185 228.406 103.968 5.16131 29.8876 3.16992 0.201251 26.7177 124.438 26.174 10.2552 1.52823 8.72694 2.96867
internal_count=3632520 20699 4029 3611821 551 917534 2694287 1893420 942637 800867 649480 199778 12615 950783 151387 352 187163 717756 287488 199 16670 7804 484 8866 430268 8805 3478 1061 2417 7320
cat_boundaries=0 1 2 3 4 5 6 7 8 9 10 11
cat_threshold=11767009 2 768 2 2 9 769 2 2 1 1
is_linear=0
shrinkage=0.1


Tree=18
num_leaves=31
num_cat=12
split_feature=0 2 0 0 2 1 1 0 0 6 0 4 5 0 1 0 3 0 3 0 0 3 3 6 9 0 5 3 3 7
split_gain=136.622 34.0654 22.3552 34.4145 10.5671 9.23964 7.31449 8.25148 6.52511 6.39763 5.51413 4.54314 4.31153 4.0966 4.58373 2.81702 2.86057 1.74921 1.69551 1.4752 1.20446 4.92134 0.971728 0.927615 0.527623 0.192975 0.0126006 0.144737 0.0351981 0.000266688
threshold=34.500000000000007 0 40.500000000000007 39.500000000000007 1 2 3 5.5000000000000009 7.5000000000000009 4 28.500000000000004 5 6 17.500000000000004 7 1.0000000180025095e-35 4.5000000000000009 61.500000000000007 2.5000000000000004 217.00000000000003 58.500000000000007 1.0000000180025095e-35 1.5000000000000002 8 9 87.500000000000014 10 1.0000000180025095e-35 1.0000000180025095e-35 11
decision_type=2 9 2 2 9 1 1 2 2 1 2 1 1 2 1 2 2 2 2 2 2 2 2 1 1 2 1 2 2 1
left_child=1 6 3 26 5 10 7 11 -9 -7 -3 -1 24 14 -6 23 -17 20 -15 25 29 -22 -14 -8 -5 -19 28 -28 -2 -4
right_child=2 4 17 12 13 9 15 8 -10 -11 -12 -13 22 18 -16 16 -18 19 -20 -21 21 -23 -24 -25 -26 -27 27 -29 -30 -31
leaf_value=0.0030761029711556019 -0.087488115080884915 -0.01874412696606308 -0.10004188550266278 -0.46195935771827862 0.0030965585644649619 0.027218249613886521 -0.069040869571638672 0.30922415371596185 0.036738320861828648 0.0061089643981525575 0.60550970481882482 -0.085365335740102175 -0.36152721860751047 0.08588967662658635 -0.019885219258204499 -0.041817663245257299 0.013678998296306264 -0.13155385260047264 -0.10001896354265422 0.037397108435694763 0.54221133241633235 -0.044637236713859954 -0.27814461527694756 -0.049198326727070876 -0.39926681228234701 -0.10391985527163855 -0.16609676512107135 -0.10613348040954217 -0.10911023447766646 -0.10249964082766655
leaf_weight=38.802727440124727 1.0183886569502649 89.090206230554031 2.1304338843692703 2.7431293611662113 155.84634083941609 325.42869842644666 51.675731453349741 1.4661460144998266 2.1938086790760281 256.92128806580013 0.14172448510362201 6.8306988267868283 2.1866705729626119 5.9147236656353916 188.4461866246906 77.336985355364973 10.55561265597076 21.595765158614093 0.53493843477917824 0.5492372625740235 0.15567521460616252 1.7413080722908487 3.8732979482520022 43.302096132044326 2.6290175499307225 2.8619370257127192 0.43730327767839572 5.0637461128426366 2.8876819292563596 0.55690447212691685
leaf_count=129997 995 283616 6229 241 624189 624155 217501 7236 7810 682506 200 17599 99 17167 592348 236482 31770 2774 1939 55 186 480 71 140284 52 5170 49 1196 1158 934
internal_value=0 -0.00227394 -0.170144 -0.249482 0.00568129 0.0129743 -0.0359986 0.0011843 0.145894 0.017603 -0.0159636 -0.0101624 -0.366054 -0.00825543 -0.00996999 -0.0455632 -0.0351527 -0.114271 0.0704703 -0.124681 -0.0574858 0.00352227 -0.308232 -0.0599943 -0.431279 -0.12832 -0.107816 -0.1109 -0.103473 -0.100551
internal_weight=0 1254.49 50.4305 20.8392 1022.32 671.582 232.164 49.2934 3.65995 582.35 89.2319 45.6334 11.4321 350.742 344.293 182.87 87.8926 29.5913 6.44966 25.0069 4.58432 1.89698 6.05997 94.9778 5.37215 24.4577 9.40712 5.50105 3.90607 2.68734
internal_count=3634488 3614799 19689 3861 2826120 1590477 788679 162642 15046 1306661 283816 147596 463 1235643 1216537 626037 268252 15828 19106 7999 7829 666 170 357785 293 7944 3398 1245 2153 7163
cat_boundaries=0 1 2 3 4 5 6 7 8 9 10 11 12
cat_threshold=5010190 64 6 768 1 2 2 896 2 1 2 1
is_linear=0
shrinkage=0.1


Tree=19
num_leaves=31
num_cat=12
split_feature=0 2 0 0 1 2 1 3 0 9 3 2 0 3 0 5 0 0 5 5 0 3 3 9 3 0 5 3 3 7
split_gain=112.573 29.996 13.1937 16.7901 11.012 8.96873 7.3694 6.33125 4.6041 8.59627 4.06021 3.9337 4.38894 3.77263 3.28537 6.39375 1.57825 1.35396 1.21148 1.19755 1.11988 2.32608 0.831606 0.395283 0.208677 0.126078 0.0166354 0.108013 0.0500938 0.000207275
threshold=34.500000000000007 0 40.500000000000007 39.500000000000007 1 2 3 23.500000000000004 1.0000000180025095e-35 4 2.5000000000000004 5 1.0000000180025095e-35 1.0000000180025095e-35 6.5000000000000009 6 61.500000000000007 217.00000000000003 7 8 58.500000000000007 1.0000000180025095e-35 2.5000000000000004 9 1.5000000000000002 87.500000000000014 10 1.0000000180025095e-35 1.0000000180025095e-35 11
decision_type=2 9 2 2 1 9 1 2 2 1 2 9 2 2 2 1 2 2 1 1 2 2 2 1 2 2 1 2 2 1
left_child=1 4 3 26 14 6 10 -8 9 -7 -3 19 -13 -10 22 -16 20 25 24 -6 29 -22 -1 -20 -5 -18 28 -28 -2 -4
right_child=2 5 16 18 11 8 7 -9 13 -11 -12 12 -14 -15 15 -17 17 -19 23 -21 21 -23 -24 -25 -26 -27 27 -29 -30 -31
leaf_value=-0.073082585846645301 -0.081777115505096296 -0.024611598518782238 -0.10003808017118271 -0.32887155830430426 -0.040566817826670314 -0.035786724899325821 0.016064850114293937 -0.41653374300361645 0.019846971331200586 0.014825259999938323 0.039145172218045379 -0.027904761305055543 0.013963052274241276 -0.0080423931477754118 0.1322777521693414 -0.10000385982856763 -0.1271111522870326 0.033485499320524352 -0.27919740425656631 -0.084602099003265513 0.2766329814642533 -0.042106319547773635 -0.095955348506353719 -0.22997635237457989 -0.29035477751908234 -0.10360617478375278 -0.15896879003425007 -0.10553222037340629 -0.10824924025468817 -0.10232758086553276
leaf_weight=44.575713094085579 0.9835183769318977 76.158030837803381 1.9164210702147131 4.4464837675404851 11.776702680051415 112.1136246737108 592.40673006530426 0.33850688206905388 75.084440995522527 47.894695372875248 11.49617518767627 45.769094386356663 55.277498301858891 137.00480066704949 2.1525571609890903 2.6364110421054638 20.201767005790323 0.55601813071552797 3.4230923706199974 12.985469347158869 0.26532584842061613 1.6703014365702982 24.705837226366192 3.1174744826566894 2.0574822495764238 2.5726303814373201 0.41218154678800534 4.5973785895403125 2.6166735862498172 0.49822829807089863
leaf_count=189029 959 231537 5795 209 33784 358874 1309069 18 313795 158908 41860 146972 163247 490760 7039 8870 2664 52 116 44672 220 475 108456 31 48 4804 47 1085 1055 843
internal_value=0 -0.0021169 -0.15612 -0.214589 -0.0366351 0.00474147 0.0115174 0.0155554 -0.00762574 -0.0206372 -0.0145857 -0.015328 -0.00455064 0.00183108 -0.0666974 0.00440265 -0.110381 -0.120692 -0.286126 -0.0453465 -0.0550838 0.00158483 -0.081239 -0.255737 -0.316687 -0.124456 -0.106203 -0.109929 -0.101017 -0.10051
internal_weight=0 1252.38 49.335 21.6543 199.879 1052.5 680.399 592.745 372.098 160.008 87.6542 125.809 101.047 212.089 74.0705 4.78897 27.6807 23.3304 13.0445 24.7622 4.35028 1.93563 69.2816 6.54057 6.50397 22.7744 8.60975 5.00956 3.60019 2.41465
internal_count=3625293 3606890 18403 3550 702069 2904821 1582484 1309087 1322337 517782 273397 388675 310219 804555 313394 15909 14853 7520 404 78456 7333 695 297485 147 257 7468 3146 1132 2014 6638
cat_boundaries=0 1 2 3 4 5 6 7 8 9 10 11 12
cat_threshold=5010182 30 64 6 1 786436 2 2 2 1 2 1
is_linear=0
shrinkage=0.1


Tree=20
num_leaves=19
num_cat=6
split_feature=3 0 0 2 1 0 0 0 2 0 1 0 0 0 3 3 5 6
split_gain=7489.87 12541.7 94.5568 25.7146 9.20157 15.1404 8.44249 9.34515 6.77808 6.72697 8.26166 1.44494 1.23686 1.0701 0.596311 0.502674 0.0212917 1.27905e-11
threshold=27.500000000000004 1.5000000000000002 34.500000000000007 0 1 1.5000000000000002 40.500000000000007 39.500000000000007 2 1.0000000180025095e-35 3 61.500000000000007 217.00000000000003 58.500000000000007 1.5000000000000002 5.5000000000000009 4 5
decision_type=2 2 2 9 1 2 2 2 9 2 1 2 2 2 2 2 1 1
left_child=2 17 3 9 8 -6 7 16 -5 15 -11 13 -13 -8 -9 -1 -4 -2
right_child=1 -3 6 4 5 -7 11 14 -10 10 -12 12 -14 -15 -16 -17 -18 -19
leaf_value=-0.064877421169858937 -0.10001281841098802 250.48114586310626 -0.098495652700549635 0.01867913566401079 -0.018462063235981502 0.018751476098320643 -0.10046779020685709 -0.25979994289822639 -0.0050766476692184551 0.023666828794805465 -0.037985869593290679 -0.12101447745448352 0.028359125132650011 0.0015508541953836489 -0.21824404450846477 -0.035046474267094556 -0.10899434057958815 -0.10000258931610713
leaf_weight=68.324053753400236 0.0034387418510001422 0.0031925784783659594 3.3415137347910786 424.75763592549106 337.15183801346217 161.79475247803595 2.1896975222480277 7.4987388098743395 165.91525708904271 25.577611213659111 60.947334213783137 21.166676156337392 0.56924417556001472 1.9383083903085205 6.400393614298082 6.1578522543985477 4.5785038623144212 0.0018966030166698133
leaf_count=267799 41 38 1935 925430 1109607 412498 6532 261 575671 94377 200500 6953 66 695 95 22756 1108 68
internal_value=0 93.7095 -0.00724001 -0.00197043 0.00367146 -0.00626908 -0.14545 -0.191262 0.0120329 -0.0380189 -0.0214156 -0.106802 -0.117103 -0.0525649 -0.240664 -0.0624111 -0.104565 -0.100009
internal_weight=0 0.00852792 1298.31 1250.63 1089.62 498.947 47.6831 21.8192 590.673 161.007 86.5249 25.8639 21.7359 4.12801 13.8991 74.4819 7.92002 0.00533534
internal_count=3626430 147 3626283 3608638 3023206 1522105 17645 3399 1501101 585432 294877 14246 7019 7227 356 290555 3043 109
cat_boundaries=0 1 2 3 4 5 6
cat_threshold=5001478 960 10560192 769 2 2
is_linear=0
shrinkage=0.1


Tree=21
num_leaves=21
num_cat=7
split_feature=3 3 0 9 0 2 2 1 0 1 0 0 1 3 0 0 0 3 5 0
split_gain=253834 967265 1.04997e+06 2555.63 80.4809 22.4402 9.3465 6.03736 5.73775 5.73288 5.64609 1.93519 2.80349 1.52297 1.33313 1.14962 1.01393 0.326067 0.0290133 3.54464e-09
threshold=27.500000000000004 29.500000000000004 1.0000000180025095e-35 0 34.500000000000007 1 2 3 40.500000000000007 4 39.500000000000007 1.0000000180025095e-35 5 5.5000000000000009 61.500000000000007 217.00000000000003 58.500000000000007 1.5000000000000002 6 1.5000000000000002
decision_type=2 2 2 1 2 9 9 1 2 1 2 2 1 2 2 2 2 2 1 2
left_child=4 2 -2 19 5 11 7 -7 10 -8 18 13 -13 -1 16 -16 -10 -12 -6 -3
right_child=1 3 -4 -5 8 6 9 -9 14 -11 17 12 -14 -15 15 -17 -18 -19 -20 -21
leaf_value=-0.070067878302570372 -0.10000727286994489 -0.10000766363356491 -3542.5772390230231 -78.915852237146183 -0.095601050968205828 0.028031326986613949 -0.02377497094171575 0.0047327170361519261 -0.10042568644976113 -0.00044245810961210293 -0.22499947361943382 0.011852350181842553 -0.043620654642584883 -0.0079855715729008226 -0.11801803376471841 0.025578785796768977 0.00085946813230035422 -0.19459279259397419 -0.10836494941397633 -0.10015291170034246
leaf_weight=43.426592049509047 0.0015584119230273022 0.0040432675086776735 0.0018066480909197935 0.010150350353796965 3.1119421165712993 133.46125382223545 155.2795338395712 559.30857933594427 2.0026021781523045 302.35179956277807 7.773119647623389 12.350233413510624 37.886765114368785 4.3469769396330582 19.610565837493954 0.57383986470813297 1.9515005294379077 6.4556861714117986 4.1635090584533012 0.00287475879304111
leaf_count=191595 27 57 18 28 1940 147773 541675 1441926 6430 1083087 239 35079 148127 17437 6703 62 716 88 1065 9
internal_value=0 -352.465 -1902 -46.9708 -0.00657347 -0.00180502 0.00228203 0.00955617 -0.136999 -0.00869856 -0.174564 -0.0453796 -0.0363069 -0.0644189 -0.103534 -0.113936 -0.0504376 -0.211204 -0.102905 -0.100068
internal_weight=0 0.0204334 0.00336506 0.0170684 1294.05 1248.41 1150.4 692.77 45.6428 457.631 21.5043 98.0106 50.237 47.7736 24.1385 20.1844 3.9541 14.2288 7.27545 0.00691803
internal_count=3624081 139 45 94 3623942 3606699 3214461 1589699 17243 1624762 3332 392238 183206 209032 13911 6765 7146 327 3005 66
cat_boundaries=0 1 2 3 4 5 6 7
cat_threshold=1 545028 64 768 59 641 2
is_linear=0
shrinkage=0.1


Tree=22
num_leaves=20
num_cat=5
split_feature=3 0 0 2 5 6 0 0 0 1 3 3 0 0 0 3 3 6 3
split_gain=199595 415499 69.0553 19.2884 8.77668 11.112 8.77922 4.06271 3.60668 2.52701 1.78971 1.77381 1.24504 1.07899 0.964647 0.203812 0.038303 3.79913e-12 1.73493e-13
threshold=27.500000000000004 1.5000000000000002 34.500000000000007 0 1 2 4.5000000000000009 40.500000000000007 39.500000000000007 3 1.5000000000000002 4.5000000000000009 61.500000000000007 217.00000000000003 58.500000000000007 1.5000000000000002 1.0000000180025095e-35 4 29.500000000000004
decision_type=2 2 2 9 1 1 2 2 2 1 2 2 2 2 2 2 2 1 2
left_child=2 17 3 9 5 -5 -6 8 16 10 -1 -11 14 -14 -9 -10 -4 -2 -19
right_child=1 -3 7 4 6 -7 -8 12 15 11 -12 -13 13 -15 -16 -17 -18 18 -20
leaf_value=0.025076469982376989 -0.10000935446235824 -1537.64847390418 -0.085315950774407262 0.01644551315435305 -0.0048306962659556609 -0.0055846829174991492 -0.051508231999151159 -0.10038862569573087 -0.20098062240855896 -0.071174772609749581 -0.027824887221686356 -0.027199041449284419 -0.11528553825767912 0.024029402094366076 0.0007512687678386306 -0.17691712440490676 -0.10478229299242828 -0.10000344880195627 -0.10000507687508089
leaf_weight=10.39302877189766 0.0026173951991950162 0.0026015484472736716 1.2404207337676219 503.1685634371504 177.55632688280355 420.13061163755117 52.122438799437077 1.82306517131656 7.8295653396980924 55.500751346020472 16.625008730635539 10.988335890323304 18.140183201473807 0.57350781413697305 1.9535439096507614 6.3942812879286066 5.460285468820075 0.0017572267333879621 0.0010430514375912026
leaf_count=36240 40 35 949 1177973 803667 1138825 103676 6362 241 246563 55406 44750 6464 52 714 95 1985 19 42
internal_value=0 -498.902 -0.00597478 -0.00165664 0.00205173 0.00642107 -0.0154235 -0.129953 -0.161667 -0.0430028 -0.00545595 -0.055552 -0.100446 -0.111016 -0.0480715 -0.190163 -0.101179 -0.100007 -0.100004
internal_weight=0 0.00801922 1289.9 1246.49 1152.98 923.299 229.679 43.4149 20.9246 93.5071 27.018 66.4891 22.4903 18.7137 3.77661 14.2238 6.70071 0.00541767 0.00280028
internal_count=3624098 136 3623962 3607100 3224141 2316798 907343 16862 3270 382959 91646 291313 13592 6516 7076 336 2934 101 61
cat_boundaries=0 1 2 3 4 5
cat_threshold=545028 2 1 801 2
is_linear=0
shrinkage=0.1


Tree=23
num_leaves=31
num_cat=9
split_feature=0 2 2 0 1 0 0 0 0 10 0 1 3 0 3 0 0 0 3 0 3 3 9 3 7 3 3 5 0 7
split_gain=59.5843 16.4482 7.66241 5.93965 7.06266 5.31706 9.1461 6.40384 2.99075 2.55893 2.40276 2.34426 2.92671 5.41939 2.23765 1.18439 1.00005 0.944781 1.84788 0.904292 1.79745 0.278182 0.145542 0.143416 0.29888 0.0761319 0.0592343 0.181102 0.000563031 6.87774e-05
threshold=34.500000000000007 0 1 1.0000000180025095e-35 2 19.500000000000004 8.5000000000000018 24.500000000000004 40.500000000000007 3 39.500000000000007 4 1.0000000180025095e-35 1.5000000000000002 4.5000000000000009 61.500000000000007 217.00000000000003 1.0000000180025095e-35 5.5000000000000009 58.500000000000007 3.5000000000000004 2.5000000000000004 5 1.5000000000000002 6 2.5000000000000004 1.0000000180025095e-35 7 37.500000000000007 8
decision_type=2 9 9 2 1 2 2 2 2 1 2 1 2 2 2 2 2 2 2 2 2 2 1 2 1 2 2 1 2 1
left_child=1 11 5 4 -4 6 -3 -7 10 -5 26 12 13 -1 -14 19 22 21 -19 29 -21 -13 -17 24 -12 -25 27 -2 -28 -10
right_child=8 2 3 9 -6 7 -8 -9 15 -11 23 17 14 -15 -16 16 -18 18 -20 20 -22 -23 -24 25 -26 -27 28 -29 -30 -31
leaf_value=-0.011081050664243679 -0.055174059431927859 0.010459018301117366 -0.0032869720572507991 0.0035195160411146779 -0.0424910938366653 0.22767975747282479 -0.039409573416081242 0.0055001963216981514 -0.10162226677762241 -0.0456746392975729 -0.17512049042990432 -0.071213770928232223 -0.042818626745221397 0.17447396743628429 0.023887139199005369 -0.09581727078000217 0.020445811372977789 -0.062233975621602891 0.032207515248295245 0.090453464356568702 -0.10180069792433109 -0.091866583388781245 -0.11788793778870116 -0.14843335081540035 -0.22944099701848397 -0.17144497842562936 -0.10001798829255847 -0.14130817936171799 -0.10457744164760233 -0.1000256117749931
leaf_weight=5.6226715509001215 0.86171712521172594 659.62346129368177 113.03302174853259 249.19971857699932 78.676351331766611 2.4295720095979041 38.949076885364775 2.7835643622383941 0.34220302425819682 11.042329897099988 6.5194023252588522 13.894330329621871 22.73278700018637 2.1859239702898776 6.4572303283808052 3.8905969287188782 0.58314646916551183 23.828786876709277 2.2690905764761444 1.0420360626885665 0.91184804122894991 12.291219778786571 12.876511200811889 2.2437718116379983 1.1992273991654654 4.0020653578430938 0.28749264653743001 0.34058083222765201 4.6746770009049214 1.274917379611
leaf_count=22376 816 1551008 352324 932680 307114 2540 33243 2583 829 43355 179 77617 79357 12688 21736 1389 60 99876 8112 588 124 68056 4676 45 29 32 1101 41 747 5014
internal_value=0 -0.00152262 0.00182963 -0.00822522 -0.021764 0.00831135 0.00767858 0.109047 -0.123971 0.00143216 -0.151489 -0.0405769 -0.0106399 0.0408629 -0.0280624 -0.0974951 -0.108289 -0.0566523 -0.0540227 -0.0450492 0.000731366 -0.080908 -0.112767 -0.174444 -0.18356 -0.163178 -0.0994882 -0.0795737 -0.104313 -0.100363
internal_weight=0 1245.02 1155.74 451.951 191.709 703.786 698.573 5.21314 41.0502 260.242 20.1289 89.282 36.9986 7.8086 29.19 20.9213 17.3503 52.2834 26.0979 3.571 1.95388 26.1856 16.7671 13.9645 7.71863 6.24584 6.16447 1.2023 4.96217 1.61712
internal_count=3630335 3614665 3224847 1635473 659438 1589374 1584251 5123 15670 976035 2990 389818 136157 35064 101093 12680 6125 253661 107988 6555 712 145673 6065 285 208 77 2705 857 1848 5843
cat_boundaries=0 1 2 3 4 5 6 7 8 9
cat_threshold=545028 65600 960 1 865 2 1 2 2
is_linear=0
shrinkage=0.1


Tree=24
num_leaves=30
num_cat=11
split_feature=0 0 0 9 2 1 3 5 2 0 2 3 3 2 0 0 0 0 5 0 3 6 0 0 9 3 3 3 6
split_gain=35.056 44.8836 2607.66 8498.8 14.0001 8.66444 7.16946 13.0056 12.6339 11.4747 6.09162 6.15929 4.55184 3.6923 3.80238 1.88111 1.64839 1.28986 1.06749 0.905908 6.2939 0.90178 0.855141 0.566826 0.168192 0.106021 0.0813237 0.000519202 4.57254e-12
threshold=34.500000000000007 104.50000000000001 105.50000000000001 0 1 2 1.0000000180025095e-35 3 4 6.5000000000000009 5 7.5000000000000009 23.500000000000004 6 1.0000000180025095e-35 40.500000000000007 39.500000000000007 61.500000000000007 7 6.5000000000000009 5.5000000000000009 8 58.500000000000007 217.00000000000003 9 1.5000000000000002 1.0000000180025095e-35 1.0000000180025095e-35 10
decision_type=2 2 2 1 9 1 2 1 9 2 9 2 2 9 2 2 2 2 1 2 2 1 2 2 1 2 2 2 1
left_child=4 15 3 28 5 19 7 8 -6 -9 12 -12 -8 18 -15 16 26 22 -7 21 -21 -1 -17 27 -19 -18 -2 -4 -3
right_child=1 2 23 -5 6 13 10 9 -10 -11 11 -13 -14 14 -16 17 25 24 -20 20 -22 -23 -24 -25 -26 -27 -28 -29 -30
leaf_value=-0.064881589461052616 -0.07420589287441158 -0.10001579699341086 -0.10430893896259293 139.26737766685207 -0.019674020342509417 -0.036075196800924129 0.00050166973887820281 0.032101258332883825 0.02221639945463029 -0.096682749947910956 -0.032254281328780041 0.12008479443333245 -0.35319584583709213 -0.023238372005996901 0.018386581159295631 -0.10032874431691299 -0.16992198895613866 -0.091135317264045959 -0.080797082352624214 -0.04854860737397635 0.65034891374062764 -0.093874205420197698 0.00037897218051614401 0.019056314074606711 -0.11700391910038162 -0.15212936623628057 -0.10388132643726798 -0.10001786817609909 -0.10001921852213538
leaf_weight=31.32067863305182 1.1607771046327719 0.012780349003151059 0.59845802973723017 0.0057402342499699435 80.869304183281201 10.949360413439315 460.48839579897981 10.596387336263662 405.39414459154614 19.933477281934756 100.36484693066448 2.7261317554678177 0.36413829091497874 37.776667868117258 52.367445513180755 1.4792905687645554 7.5167131008674914 3.2526490700984141 10.41334179570913 3.8869010786620484 0.13327054255569226 16.317278436574824 1.9607492161012485 0.58343098464683896 11.058507745048699 6.0399945009303337 4.517128500418039 0.53319184723305568 0.0056249143162844231
leaf_count=190744 856 80 250 20 291855 34284 1410863 36176 835714 1706 348741 8835 68 124327 187495 5764 223 693 45573 15003 403 79050 716 58 2484 72 1852 2397 28
internal_value=0 -0.0980383 0.398425 33.0325 -0.00142376 -0.0278192 0.00279289 0.011327 0.015302 -0.0519841 -0.00497821 -0.02573 0.00021748 -0.00947583 0.000848677 -0.121384 -0.143049 -0.0979085 -0.0394216 -0.0594559 -0.0253798 -0.0748123 -0.0429275 -0.0610089 -0.111124 -0.161995 -0.0978146 -0.102287 -0.100017
internal_weight=0 38.725 1.73923 0.0241455 1243.9 163.165 1080.74 516.793 486.263 30.5299 563.944 103.091 460.853 111.507 90.1441 36.9858 19.2346 17.7512 21.3627 51.6581 4.02017 47.638 3.44004 1.71508 14.3112 13.5567 5.67791 1.13165 0.0184053
internal_count=3626330 15493 2833 128 3610837 676879 2933958 1165451 1127569 37882 1768507 357576 1410931 391679 311822 12660 3003 9657 79857 285200 15406 269794 6480 2705 3177 295 2708 2647 108
cat_boundaries=0 1 2 3 4 5 6 7 8 9 10 11
cat_threshold=1 5001990 30 2 98480 196848 4980740 2 2 2 2
is_linear=0
shrinkage=0.1


Tree=25
num_leaves=16
num_cat=6
split_feature=0 0 6 3 0 2 1 1 0 0 0 0 3 5 5
split_gain=4858.65 441621 2991.74 258.669 44.9545 12.4676 7.56131 5.72891 1.45342 1.23583 1.17314 0.528775 0.000373897 9.98874e-05 1.82647e-09
threshold=104.50000000000001 105.50000000000001 0 26.500000000000004 34.500000000000007 1 2 3 40.500000000000007 61.500000000000007 39.500000000000007 217.00000000000003 1.0000000180025095e-35 4 5
decision_type=2 2 1 2 2 9 1 1 2 2 2 2 2 1 1
left_child=3 2 -2 4 5 6 -1 -7 10 -10 -6 12 13 -3 -14
right_child=1 11 -4 -5 8 7 -8 -9 9 -11 -12 -13 14 -15 -16
leaf_value=-0.057219142330585643 -533.62354747960285 -0.1000228024400453 -441.83316512356328 3.3644797279066454 -0.096050529287070321 0.016326929512400539 -0.0095469651238645117 -0.0011945329781313651 -0.040288843810238069 -0.10877903789844978 -0.15215993824108417 0.017042928162340463 -0.10001952214802622 -0.10433199138256158 -0.10000408739620457
leaf_weight=48.434736497639022 0.012370606237453785 0.060465863600256853 0.0049803849764756816 0.22794836970046972 5.2216148132501994 228.71044397517835 111.60232273133067 854.43692924045217 3.2893874095098008 13.233358825338655 13.012291873032154 0.58717389253433827 0.37572026743472964 0.48737865030852823 0.096322952376795112
leaf_count=286508 90 219 34 186 2602 561213 393379 2369061 6368 3123 256 64 1815 42 550
internal_value=0 -5.47635 -507.276 -0.00385419 -0.00445501 -0.00131896 -0.0264914 0.0026207 -0.116626 -0.0951438 -0.136092 -0.0585553 -0.102079 -0.103856 -0.100016
internal_weight=0 1.62441 0.017351 1278.17 1277.94 1243.18 160.037 1083.15 34.7567 16.5227 18.2339 1.60706 1.01989 0.547845 0.472043
internal_count=3625510 2814 124 3622696 3622510 3610161 679887 2930274 12349 9491 2858 2690 2626 261 2365
cat_boundaries=0 1 2 3 4 5 6
cat_threshold=2 5034759 30 768 2 2
is_linear=0
shrinkage=0.1


Tree=26
num_leaves=31
num_cat=11
split_feature=0 2 3 1 0 3 5 1 0 3 5 3 0 3 0 0 0 0 3 0 9 3 5 3 6 7 0 7 6 3
split_gain=39.1051 10.713 8.98546 5.96966 11.2482 6.24004 3.82831 2.03921 1.77611 1.71572 8.88873 1.67506 1.61807 1.72706 1.42204 1.01033 0.870753 0.841086 1.52295 0.832546 0.187897 0.14302 0.194128 0.0880753 0.112663 0.0965496 0.000229052 3.54318e-05 7.34425e-08 1.80237e-09
threshold=34.500000000000007 0 23.500000000000004 1 1.0000000180025095e-35 1.0000000180025095e-35 2 3 1.0000000180025095e-35 4.5000000000000009 4 1.0000000180025095e-35 6.5000000000000009 1.5000000000000002 40.500000000000007 61.500000000000007 39.500000000000007 58.500000000000007 3.5000000000000004 217.00000000000003 5 1.0000000180025095e-35 6 1.5000000000000002 7 8 37.500000000000007 9 10 3.5000000000000004
decision_type=2 9 2 1 2 2 1 1 2 2 1 2 2 2 2 2 2 2 2 2 1 2 1 2 1 1 2 1 1 2
left_child=1 7 3 5 -5 -3 8 12 -4 11 -11 -9 13 -1 16 17 21 27 -19 20 -17 22 -2 25 -25 -18 -23 -16 -8 -14
right_child=14 2 6 4 -6 -7 28 9 -10 10 -12 -13 29 -15 15 19 23 18 -20 -21 -22 26 -24 24 -26 -27 -28 -29 -30 -31
leaf_value=0.035399767354203769 -0.036176933791231672 0.01699541796391885 -0.10007695727634575 -0.024386333092356674 0.0088470018677086031 -0.0013257892636241468 -0.10027110260385946 -0.035103378876810469 -0.80749287509567846 -0.1000032790863217 0.09363858879573049 -0.077027885599056226 -0.1000066400327162 -0.019043829478017707 -0.10001962916737564 -0.084942715109735834 -0.14619023643665185 0.080042867308524002 -0.10156912562544229 0.01503156416453261 -0.1129601484922938 -0.10001324410169857 -0.13164828799987902 -0.11744286920854835 -0.14650485016078588 -0.17765156055126297 -0.10339105842798937 -0.10130433915269521 -0.10014560562595504 -0.10001549726630202
leaf_weight=9.6006335679740147 0.79028071535867639 333.26966122660633 0.042340452745910889 211.52223574019831 196.41378288059605 420.40311147664511 0.091954440475092269 13.867588066181268 0.21939310184333696 5.5618023893270037 4.1313287687189595 30.468280157543632 1.3724096755759081 14.821949114302225 1.0393602555050168 3.1491389512084424 5.7133062294442425 1.1014132463824351 0.79503384907729913 0.59162181343708731 9.977760625507285 0.21289066554163616 0.29155572592567647 2.2586952773763187 3.2580204759524349 1.1762525546082541 3.5212249053511187 0.27055826785363102 0.094610073683703777 0.27593880300992157
leaf_count=39081 783 705768 198 721945 556760 1238513 76 74830 67 27770 17068 171743 4735 52728 4919 1248 158 606 124 64 4228 1055 39 37 38 26 667 762 100 1317
internal_value=0 -0.00130763 0.00126787 0.00145153 -0.00818446 0.00668701 -0.446334 -0.0345206 -0.693055 -0.0469015 -0.0174708 -0.0639145 -0.00297344 0.00235821 -0.109782 -0.089197 -0.130012 -0.0386593 0.00390698 -0.101009 -0.106239 -0.0939228 -0.0619065 -0.144022 -0.134606 -0.151562 -0.103198 -0.100285 -0.100207 -0.100008
internal_weight=0 1242.16 1162.06 1161.61 407.936 753.673 0.448298 80.0999 0.261734 54.029 9.69313 44.3359 26.0709 24.4226 34.1471 16.9249 17.2222 3.20637 1.89645 13.7185 13.1269 4.81595 1.08184 12.4063 5.51672 6.88956 3.73412 1.30992 0.186565 1.64835
internal_count=3627453 3612699 3223427 3222986 1278705 1944281 441 389272 265 291411 44838 246573 97861 91809 14754 11951 2803 6411 730 5540 5476 2544 822 259 75 184 1722 5681 176 6052
cat_boundaries=0 1 2 3 4 5 6 7 8 9 10 11
cat_threshold=545028 976 2 801 2 2 2 2 1 1 2
is_linear=0
shrinkage=0.1


Tree=27
num_leaves=28
num_cat=11
split_feature=0 2 3 5 3 6 0 1 2 2 0 0 0 0 0 0 4 3 0 9 3 5 3 3 7 0 7
split_gain=34.2148 9.25942 6.93183 6.7155 11.1973 8.08593 6.21163 7.63557 5.30727 4.90984 2.41061 1.39801 1.16862 0.975771 0.784234 0.783211 1.29924 0.681605 0.652394 0.200362 0.164735 0.182057 0.0796064 0.125318 0.0626218 0.000168494 2.71658e-05
threshold=34.500000000000007 0 23.500000000000004 1 1.5000000000000002 2 1.0000000180025095e-35 3 4 5 29.500000000000004 9.5000000000000018 40.500000000000007 61.500000000000007 217.00000000000003 58.500000000000007 6 2.5000000000000004 39.500000000000007 7 1.0000000180025095e-35 8 1.5000000000000002 2.5000000000000004 9 37.500000000000007 10
decision_type=2 9 2 1 2 1 2 1 9 9 2 2 2 2 2 2 1 2 2 1 2 1 2 2 1 2 1
left_child=1 2 3 5 -5 -1 7 17 -9 11 -11 -8 18 15 19 26 -17 -3 20 -15 21 -2 24 -24 -20 -22 -14
right_child=12 6 -4 4 -6 -7 9 8 -10 10 -12 -13 13 14 -16 16 -18 -19 22 -21 25 -23 23 -25 -26 -27 -28
leaf_value=-0.0024592019600224689 -0.033023189854041957 -0.056625118055783602 -0.43283637026946381 -0.052062943311308243 0.0052133985226925986 0.020135913270837566 -0.079467743850904937 0.012983885518879277 -0.025107983193641173 0.0013014799807227189 0.11590932658950288 0.083781530650718916 -0.10001787972840999 -0.081730729192217036 0.01320537308088323 -0.1021600864190448 0.068280910621484406 -0.081026475711767243 -0.13999703403094865 -0.11164493393054263 -0.10001215758470468 -0.12808796227530214 -0.107799336776617 -0.13982055258823792 -0.16582653163874539 -0.10304962894801835 -0.10120910365620378
leaf_weight=285.86414251534734 0.77970465759426588 41.495467664954816 0.36091092003039094 50.035923149243899 107.38382313045804 355.14483253833168 14.609293436647929 54.60606084767165 82.124866414250562 230.97059950681023 1.8499604479511607 0.54411375340714663 0.93132361780590167 2.9666620389161831 0.59587718555849356 0.72026290174107976 1.1798777869116746 15.808401083818309 5.3883229223984017 9.1288663359995876 0.19365295320312759 0.27163185284740687 1.9427386895149537 3.2952223037664226 1.136623706348473 3.2069143244152656 0.2409756145934816
leaf_count=627521 781 208022 42 110897 546752 557505 81903 209771 259101 911919 3409 2180 4707 1261 66 137 585 92058 170 4189 999 46 44 33 28 722 729
internal_value=0 -0.00117537 0.00525077 0.00551456 -0.0129919 0.0100594 -0.0126218 -0.0263088 -0.0100472 -0.00242102 0.00212104 -0.0443431 -0.105937 -0.0865491 -0.0987905 -0.0359834 0.00367394 -0.0539432 -0.124786 -0.104308 -0.0921808 -0.0575849 -0.137126 -0.127944 -0.144496 -0.102877 -0.100263
internal_weight=0 1240.8 798.79 798.429 157.42 641.009 442.009 194.035 136.731 247.974 232.821 15.1534 31.9787 15.7638 12.6914 3.07244 1.90014 57.3039 16.2148 12.0955 4.4519 1.05134 11.7629 5.23796 6.52495 3.40057 1.1723
internal_count=3625577 3611080 1842717 1842675 657649 1185026 1768363 768952 468872 999411 915328 84083 14497 11674 5516 6158 722 300080 2823 5450 2548 827 275 77 198 1721 5436
cat_boundaries=0 1 2 3 4 5 6 7 8 9 10 11
cat_threshold=8588352 2 2 29 2122392 16388 1 2 2 1 1
is_linear=0
shrinkage=0.1


end of trees

feature_importances:
adm_past_year=237
count_proc=161
an110mdc_ra=76
flag_emergency=64
agegroup_rm=63
gender=61
cc_hypertension=32
indstat_flag=23
drg11_type_m=14
pat_remoteness=13
cc_osteoporosis=2

parameters:
[boosting: gbdt]
[objective: cross_entropy]
[metric: cross_entropy]
[tree_learner: serial]
[device_type: cpu]
[data: ]
[valid: ]
[num_iterations: 350]
[learning_rate: 0.1]
[num_leaves: 32]
[num_threads: 4]
[deterministic: 1]
[force_col_wise: 0]
[force_row_wise: 1]
[histogram_pool_size: -1]
[max_depth: 5]
[min_data_in_leaf: 20]
[min_sum_hessian_in_leaf: 0.001]
[bagging_fraction: 1]
[pos_bagging_fraction: 1]
[neg_bagging_fraction: 1]
[bagging_freq: 0]
[bagging_seed: 12194]
[feature_fraction: 1]
[feature_fraction_bynode: 1]
[feature_fraction_seed: 8043]
[extra_trees: 0]
[extra_seed: 26014]
[early_stopping_round: 20]
[first_metric_only: 0]
[max_delta_step: 0]
[lambda_l1: 0]
[lambda_l2: 0]
[linear_lambda: 0]
[min_gain_to_split: 0]
[drop_rate: 0.1]
[max_drop: 50]
[skip_drop: 0.5]
[xgboost_dart_mode: 0]
[uniform_drop: 0]
[drop_seed: 26852]
[top_rate: 0.2]
[other_rate: 0.1]
[min_data_per_group: 100]
[max_cat_threshold: 32]
[cat_l2: 10]
[cat_smooth: 10]
[max_cat_to_onehot: 4]
[top_k: 20]
[monotone_constraints: ]
[monotone_constraints_method: basic]
[monotone_penalty: 0]
[feature_contri: ]
[forcedsplits_filename: ]
[refit_decay_rate: 0.9]
[cegb_tradeoff: 1]
[cegb_penalty_split: 0]
[cegb_penalty_feature_lazy: ]
[cegb_penalty_feature_coupled: ]
[path_smooth: 0]
[interaction_constraints: ]
[verbosity: -1]
[saved_feature_importance_type: 0]
[linear_tree: 0]
[max_bin: 255]
[max_bin_by_feature: ]
[min_data_in_bin: 3]
[bin_construct_sample_cnt: 200000]
[data_random_seed: 159]
[is_enable_sparse: 1]
[enable_bundle: 1]
[use_missing: 1]
[zero_as_missing: 0]
[feature_pre_filter: 1]
[pre_partition: 0]
[two_round: 0]
[header: 0]
[label_column: ]
[weight_column: ]
[group_column: ]
[ignore_column: ]
[categorical_feature: 1,2,4,5,6,7,8,9,10]
[forcedbins_filename: ]
[precise_float_parser: 0]
[parser_config_file: ]
[objective_seed: 30046]
[num_class: 1]
[is_unbalance: 0]
[scale_pos_weight: 1]
[sigmoid: 1]
[boost_from_average: 1]
[reg_sqrt: 0]
[alpha: 0.9]
[fair_c: 1]
[poisson_max_delta_step: 0.7]
[tweedie_variance_power: 1.5]
[lambdarank_truncation_level: 30]
[lambdarank_norm: 1]
[label_gain: ]
[eval_at: ]
[multi_error_top_k: 1]
[auc_mu_weights: ]
[num_machines: 1]
[local_listen_port: 12400]
[time_out: 120]
[machine_list_filename: ]
[machines: ]
[gpu_platform_id: -1]
[gpu_device_id: -1]
[gpu_use_dp: 0]
[num_gpu: 1]

end of parameters

pandas_categorical:[[0, 1, 2, 3, 4, 5, 6, 7, 8, 9], [0, 1, 2, 3, 4, 5, 6, 7, 8, 9, 10, 11, 12, 13, 14, 15, 16, 17, 18, 19, 20, 21, 22, 23, 99], [0, 1], [0, 1], [1, 2], [0, 1], [0, 1, 2, 3], [0, 1], [0, 1]]
