tree
version=v3
num_class=1
num_tree_per_iteration=1
label_index=0
max_feature_idx=10
objective=cross_entropy
feature_names=adm_past_year agegroup_rm an100mdc_ra count_proc flag_emergency indstat_flag pacemaker pat_remoteness cc_copd cc_spina_bifida cc_tetplg_prplg_dplg_hmplg_dt
feature_infos=[0:418] 7:6:3:5:2:4:8:0:1:9 6:5:8:14:4:1:3:11:21:9:23:2:13:10:7:18:12:19:20:16:22:15:0:24:17 [0:48] 1:0 1:0 1:0 1:0:2:3 1:0 1:0 1:0
tree_sizes=2786 3021 3331 2821 2476 3400 3205 3287 3297 3256 3304 3409

Tree=0
num_leaves=26
num_cat=10
split_feature=10 7 3 0 5 3 0 7 9 3 3 3 8 0 0 3 7 2 3 0 3 0 2 7 3
split_gain=1769.16 2345.01 3512.8 694.53 1900.54 1313.86 655.931 588.813 578.117 1038.32 2525.41 563.499 360.129 493.511 418.876 160.247 192.738 156.977 940.688 303.053 131.834 34.1198 30.488 5.47307 1.73472e-18
threshold=0 1 8.5000000000000018 6.5000000000000009 2 5.5000000000000009 1.0000000180025095e-35 3 4 8.5000000000000018 9.5000000000000018 2.5000000000000004 5 3.5000000000000004 6.5000000000000009 3.5000000000000004 6 7 23.500000000000004 2.5000000000000004 17.500000000000004 1.5000000000000002 8 9 5.5000000000000009
decision_type=1 1 2 2 1 2 2 1 1 2 2 2 1 2 2 2 1 1 2 2 2 2 1 1 2
left_child=8 2 6 15 5 -5 24 -6 17 12 -11 -8 14 -14 -10 16 -3 18 19 -1 -17 23 -23 -19 -2
right_child=1 3 -4 4 7 -7 11 -9 9 10 -12 -13 13 -15 -16 20 -18 21 -20 -21 -22 22 -24 -25 -26
leaf_value=-10.585697950050847 -10.948547322241062 -5.2269231065523805 149.86783330248622 26.890601060063201 17.747312417499845 131.99934656637973 3.3860604214738643 -7.4068238673243654 -8.6919701768808313 179.64864452920818 -10.948547322241025 31.757877407996798 84.3500486034836 -10.948547322240984 9.5812033958188145 -9.8965048540431297 -8.679845730201162 -10.799682894369035 84.350048603413114 -9.0061162814107689 4.3672984515483488 -10.752493053597949 -10.882401618292761 -10.928741917335662 -10.948547322240996
leaf_weight=7.716700698456405 0.0099686673456744774 0.20973065626094467 0.0018654816085472692 0.007928296836325897 0.010454469847900327 0.0013991112064104536 0.013952247863926461 0.084704524288099381 0.088629808506083374 0.0010493334048078389 0.002059802609437611 0.014049408364371628 0.0010493334048078389 0.0011270618051639758 0.014612939266953616 0.8554787743196357 0.70524920853131212 3.3587607719891821 0.0010493334048086158 1.4414926167046358 0.0065291856299154452 16.523367323006823 47.449224269003025 151.47380315702321 0.0013019507059652833
leaf_count=397111 513 10793 96 408 538 72 718 4359 4561 54 106 723 54 58 752 44024 36293 172846 54 74181 336 850313 2441796 7795030 67
internal_value=0 30.2075 266.394 25.0434 104.277 535.055 202.706 62.0523 -0.254644 72.7135 642.266 284.697 55.9156 458.475 47.4295 20.3845 29.6017 -0.289382 2.497 5.11472 10.6008 -0.497407 0.0941992 -0.773969 -1.00002
internal_weight=0 1.92261 0.0411378 1.88147 0.104486 0.00932741 0.0392723 0.095159 228.073 0.108528 0.00310914 0.0280017 0.105419 0.0021764 0.103243 1.77699 0.91498 227.964 9.15924 9.15819 0.862008 218.805 63.9726 154.833 0.0112706
internal_count=11835856 98940 2117 96823 5377 480 2021 4897 11736916 5585 160 1441 5425 112 5313 91446 47086 11731331 471346 471292 44360 11259985 3292109 7967876 580
cat_boundaries=0 1 2 3 4 5 6 7 8 9 10
cat_threshold=1 8 2 4 1 1 2 512 2362624 8
shrinkage=1


Tree=1
num_leaves=28
num_cat=11
split_feature=9 0 10 8 3 3 3 10 7 0 3 3 7 3 7 7 0 5 3 3 3 7 2 3 3 0 0
split_gain=586589 6.39988e+06 3.88316e+06 440987 1.21667e+06 132856 1.28329e+06 58086.6 313999 8.47815e+06 6.98516e+06 113945 9.22377e+07 81064.4 55024.9 23637.8 19524.2 10182.6 8731.01 4054.84 1952.83 946.789 87.693 99.1586 37.2256 31.2346 25.3649
threshold=0 6.5000000000000009 1 2 1.0000000180025095e-35 8.5000000000000018 12.500000000000002 3 4 5.5000000000000009 10.500000000000002 3.5000000000000004 5 23.500000000000004 6 7 1.0000000180025095e-35 8 32.500000000000007 6.5000000000000009 17.500000000000004 9 10 3.5000000000000004 6.5000000000000009 10.500000000000002 3.5000000000000004
decision_type=1 2 1 1 2 2 2 1 1 2 2 2 1 2 1 1 2 1 2 2 2 1 1 2 2 2 2
left_child=1 3 14 5 -5 24 -7 13 9 20 -11 15 -13 22 25 -10 17 -15 -18 21 -9 -4 23 -2 -1 -3 -24
right_child=7 2 19 4 -6 6 -8 8 11 10 -12 12 -14 16 -16 -17 18 -19 -20 -21 -22 -23 26 -25 -26 -27 -28
leaf_value=-0.094549723566128799 0.086570250689925382 -6.9716730453503688 -1409.6482796825258 -244.4759306770467 -3975.524252644751 -3296.8920712172144 -7.5530222128542057 0.19163912433957897 -0.12668618555007313 -2324.4750237454632 -51.607754495762507 -15522.878071374289 -5.9320959551530503 -67.05138640761804 -304.56079889341089 -3.6161150369769985 -195.69465824462802 -391.63032992612943 -375.49352469616588 -1585.8139312091009 -7.9830378476419259 -1440.1193377211598 -0.069856492624594466 0.67564971644897209 3.7185592067383264 -0.10006070743746881 0.031528258107154476
leaf_weight=1.1456467663319925 25.190852352543519 0.014552625363926763 0.01411602990629035 0.0057288901261923764 0.0010313364691683091 0.0013042982118350874 0.013083334157272477 1.0286179291761071 57.356606520132871 0.029255175573851825 0.025142248032011597 0.0038330767684200406 6.6105186928398556 0.017923453069669359 0.0078827897564834881 29.345725617980492 0.012270273866306525 0.0010216322243650202 0.0034630325808393527 0.0017655833689786953 0.40819827932864416 0.036730537716721405 169.18040645929597 3.2230803061029283 0.026187775583821241 0.012127187801524997 28.89070474356231
leaf_count=4726 848531 25 215 31 65 107 36 9228 11352 913 21 820 41245 1010 38 34894 670 60 194 47 33 539 9280271 104800 170 20 1495795
internal_value=0 -687.485 -8958.83 -83.0739 -8136.83 -37.1759 -3057.45 -9.22152 -30.0039 -485.256 -12739.7 -22.7289 -149.243 -0.523243 -724.326 -13.0774 -1529.33 -845.546 -2352.7 -14368.3 -21.3078 -14316.6 -0.289159 1.1346 -0.0933561 -38.4821 -0.524219
internal_weight=0 1.28016 0.0871748 1.19298 0.00676023 1.18622 0.0143876 321.328 94.8079 1.49121 0.0543974 93.3167 6.61435 226.52 0.0345626 86.7023 0.0346784 0.0189451 0.0157333 0.0526122 1.43682 0.0508466 226.485 28.4139 1.17183 0.0266798 198.071
internal_count=11835856 6019 884 5135 96 5039 143 11829837 98506 10195 934 88311 42065 11731331 83 46246 1934 1070 864 801 9261 754 11729397 953331 4896 45 10776066
cat_boundaries=0 1 2 3 4 5 6 7 8 9 10 11
cat_threshold=2 2 1 1 4 8 1 2 1 2 263680
shrinkage=0.1


Tree=2
num_leaves=31
num_cat=14
split_feature=5 3 0 7 7 7 3 4 7 10 0 7 3 3 0 2 3 0 7 0 3 4 10 0 4 10 3 3 0 3
split_gain=1450.53 10874.5 63912.9 38644.8 16225.1 8780.58 18240.5 8070.85 5296.23 4.93087e+06 9.76633e+06 392.096 9605.39 12523.8 25158.4 99.1169 743.991 72.615 62.1028 1473.67 39.3844 31.1946 19.5618 18.9379 13.5972 9.96754 7.28575 2.19343 2.102 0.0212215
threshold=0 2.5000000000000004 6.5000000000000009 1 2 3 3.5000000000000004 4 5 6 2.5000000000000004 7 2.5000000000000004 3.5000000000000004 1.0000000180025095e-35 8 26.500000000000004 11.500000000000002 9 6.5000000000000009 9.5000000000000018 10 11 3.5000000000000004 12 13 9.5000000000000018 1.5000000000000002 3.5000000000000004 1.0000000180025095e-35
decision_type=1 2 2 1 1 1 2 1 1 1 2 1 2 2 2 1 2 2 1 2 2 1 1 2 1 1 2 2 2 2
left_child=1 8 5 7 -5 6 -3 -4 9 10 -1 12 25 14 -14 16 21 -11 19 -10 -15 -13 -20 26 -25 29 -17 -27 -7 -2
right_child=11 2 3 4 -6 28 -8 -9 18 17 -12 15 13 20 -16 23 -18 -19 22 -21 -22 -23 -24 24 -26 27 -28 -29 -30 -31
leaf_value=-0.100006674562586 -0.1759847146254164 -32.637275133496978 -107.45968870032412 -72.402996580873193 -12.003389614938024 -0.080541322767888404 1.1613728709929221 -43.424186174040756 -0.10024251799797397 -0.060486029333233077 -11397.633087859507 -0.0063690475929088167 -0.10000195759800296 0.10688378272493421 -48.604813740695974 -0.072479833045861183 -7.1117337269273824 1.9346672048084497 -0.17832316311111701 -9.2750556701190394 4.4229085222206708 0.16192386004225526 0.038984759358831549 0.050715309999867536 -0.084130978154343339 0.11577031811745371 -0.120102945367214 -0.10000237910303296 0.16874653346241258 -0.1794489637488228
leaf_weight=0.0022391932343452936 28.866401941550365 0.2673856614009229 0.087556146905481969 0.055322746353488883 0.22682633592418888 3.7368520245543069 0.39638435636697977 0.025389977321263024 3.1748663065936928 2.5305875301328857 0.0011318238696464975 15.913332893757589 0.22716267831719728 0.48333295711927354 0.20204181357314743 177.3890726620038 0.14304470788434898 0.19659202728871597 102.49440003112736 0.1852850501803357 0.022109652623839796 35.774901843930387 4.3169248902903794 20.335653604148565 11.826577285168705 1.3903503220588498 39.228909368112966 0.71257456192324731 0.37190860241753382 45.64344800822505
leaf_count=293 179 12538 3136 2172 6798 103101 15749 1114 83951 132974 311 495917 11791 23084 10078 8246828 100 8788 982 8209 1115 1029675 206575 725515 534828 67438 57220 35573 9558 266
internal_value=0 -4.96002 -49.8181 -436.338 -238.463 -17.8199 -124.537 -930.647 -2.90683 -46.4121 -38268.4 -0.94491 -2.94974 -103.713 -229.329 -0.427732 0.755954 0.83337 -1.82857 -6.06159 2.9568 1.10111 -1.6954 -0.677497 0.0113013 -1.72047 -0.811042 0.426559 -0.579768 -1.78107
internal_weight=0 118.07 5.16763 0.395095 0.282149 4.77253 0.66377 0.112946 112.902 2.73055 0.00337102 378.159 77.5474 0.934647 0.429204 300.611 51.8313 2.72718 110.171 3.36015 0.505443 51.6882 106.811 248.78 32.1622 76.6128 216.618 2.10292 4.10876 74.5098
internal_count=11835856 596249 154166 13220 8970 140946 28287 4250 442083 142366 604 11239607 149524 46068 21869 11090083 1525692 141762 299717 92160 24199 1525592 207557 9564391 1260343 103456 8304048 103011 112659 445
cat_boundaries=0 1 2 3 4 5 6 7 8 9 10 11 12 13 14
cat_threshold=2 1 2 8 2 1 2 8 265728 2 1 2 2 2
shrinkage=0.1


Tree=3
num_leaves=26
num_cat=11
split_feature=10 3 0 7 0 3 3 7 7 7 0 2 7 3 0 9 2 7 0 1 0 3 3 0 3
split_gain=206.314 7420.05 29617.9 4626.67 224.828 1.15038e+06 6936.79 49486.9 1323.92 155.619 483.755 67.4849 47.6987 60.6155 44.6076 64.906 36.1676 53.6084 16.1516 11.2526 11.1659 9.05069 5.83383 1.91824 0.0672934
threshold=0 22.500000000000004 1.0000000180025095e-35 1 6.5000000000000009 5.5000000000000009 2.5000000000000004 2 3 4 1.5000000000000002 5 6 2.5000000000000004 1.5000000000000002 7 8 9 1.5000000000000002 10 3.5000000000000004 5.5000000000000009 5.5000000000000009 1.5000000000000002 1.0000000180025095e-35
decision_type=1 2 2 1 2 2 2 1 1 1 2 1 1 2 2 1 1 1 2 1 2 2 2 2 2
left_child=4 11 3 -3 12 6 8 -8 -6 -4 -11 14 13 24 19 -16 17 -14 -15 -2 23 -22 -18 -13 -1
right_child=1 2 9 -5 5 -7 7 -9 -10 10 -12 20 16 18 15 -17 22 -19 -20 -21 21 -23 -24 -25 -26
leaf_value=-0.16306662523881976 0.038134943055499415 -385.03599790457446 -0.10014974803713605 -153.94505666942462 -7.2302563092255134 -2675.8580586067292 3.0015501881548348 -225.80399092472226 -0.15507054051036573 71.873631393836305 -0.10000729986696524 -0.082985522010409207 0.067318907711587925 1.1043926025238284 1.4257497669287391 0.13270841089197913 -0.065833481953076464 0.72464217854483692 0.27286473223014618 -0.047092553551322774 -0.016161832614260904 0.2855900122440439 -0.11837923358421786 -0.050497873676419183 -0.16755945144687512
leaf_weight=57.578111586100732 20.403907536429283 0.0025976779082729669 0.0082056507463362516 0.0012999113632758954 0.26647216858017231 0.0016070212311011236 0.064482735816227432 0.011076452502769452 35.297939372528042 0.0013893976895538659 0.0028482155323850582 99.887165673863706 4.135675291843441 0.41476276147829683 0.39313668733828872 30.938084181102244 46.231789021592746 1.7724744199602858 0.53478705922987313 22.126765335515966 23.854796136488314 1.0372080484506003 38.913256958637177 22.217071488335421 79.185706272899381
leaf_count=347 1000144 855 36 427 516 796 383 1536 2409 437 591 6288032 1088 636 1503 845371 70292 3468 397 1034808 1200284 43264 16598 1321164 474
internal_value=0 -0.284741 -674.114 -3079.63 -1.59408 -3.93026 -2.72388 -305.398 -2.08083 79.3638 234.982 -0.234886 -1.23011 -1.6014 0.514272 1.48933 -0.668544 0.982401 6.36076 -0.0831118 -0.605137 -0.0358834 -0.804048 -0.770743 -1.65668
internal_weight=0 220.874 0.0163409 0.00389759 264.408 35.6416 35.64 0.0755592 35.5644 0.0124433 0.00423761 220.858 228.767 137.713 73.8619 31.3312 91.0532 5.90815 0.94955 42.5307 146.996 24.892 85.145 122.104 136.764
internal_count=11835856 11736916 2346 1282 98940 5640 4844 1919 2925 1064 1028 11734570 93300 1854 2881826 846874 91446 4556 1033 2034952 8852744 1243548 86890 7609196 821
cat_boundaries=0 1 2 3 4 5 6 7 8 9 10 11
cat_threshold=2 1 2 2 8 265984 8 2 263680 2 480
shrinkage=0.1


Tree=4
num_leaves=23
num_cat=12
split_feature=3 10 7 0 2 10 3 3 10 7 10 0 3 7 0 4 1 3 7 0 7 3
split_gain=537.316 671688 1.93684e+06 1.73609e+06 141.532 90.1826 41.0162 46.4846 199.544 29.2104 48.6503 28.8864 27.7966 266.189 38.6549 18.0532 6.13131 0.330025 0.0378788 0.00576208 0.000130749 2.03701e-07
threshold=22.500000000000004 0 1 3.5000000000000004 2 3 2.5000000000000004 11.500000000000002 4 5 6 1.5000000000000002 2.5000000000000004 7 7.5000000000000009 8 9 1.0000000180025095e-35 10 1.0000000180025095e-35 11 32.500000000000007
decision_type=2 1 1 2 1 1 2 2 1 1 1 2 2 1 2 1 1 2 1 2 1 2
left_child=4 19 -3 -4 6 12 9 8 -8 17 -11 16 13 -6 -14 -13 -7 -1 -9 20 21 -2
right_child=1 2 3 -5 5 11 7 18 -10 10 -12 15 14 -15 -16 -17 -18 -19 -20 -21 -22 -23
leaf_value=-0.10204604969373812 -0.11647460102006323 -0.10013548362663059 -5299.0501205630435 -0.10000857813400144 4.2299163534548532 0.01184021276768967 0.26722953804079175 -0.14784587830103788 2.2246142179911113 0.60835201644440939 0.068922630083803477 0.049154138888632071 -0.074048332642034906 -0.15454859504087515 0.61017336277324352 -0.058810329298125678 -0.075689612847532894 -0.15047370423356388 -0.1115151093970195 -0.12069409327613306 -0.11561120964321042 -0.11650990742259795
leaf_weight=2.2159071037945219 4.9795371885702471 0.0074257838388680081 0.0015474763531668906 0.0010297125931925388 0.13857064046493406 13.247149187904066 7.6233848130181574 1.6096132613951639 0.5590103803512444 1.8337810471487055 18.942346591685215 42.89838569316904 38.982008528867823 191.37829784339249 0.84354595565309765 24.239107849190624 109.26290529725135 3.8559129273023416 0.3492433302037744 4.2805726248770961 2.219155875965952 2.4323415979743004
leaf_count=6540 42 56 2052 238 22723 856414 96597 610 1006 1264 360323 2060350 59401 12308 2011 1233714 7112344 7457 323 39 24 20
internal_value=0 -7.06641 -8198.56 -31818.6 -0.760141 -0.914906 0.982919 2.96202 4.00955 0.601462 1.16535 -0.425452 -1.35569 -1.51376 -0.595558 0.10175 -0.714367 -1.328 -1.41368 -1.17641 -1.16285 -1.16486
internal_weight=0 13.9216 0.010003 0.00257719 457.979 420.99 36.9892 10.1413 8.1824 26.8479 20.7761 189.648 231.342 191.517 39.8256 67.1375 122.51 6.07182 1.95886 13.9116 9.63103 7.41188
internal_count=11835856 2471 2346 2290 11833385 11359265 474120 98536 97603 375584 361587 11262822 96443 35031 61412 3294064 7968758 13997 933 125 86 62
cat_boundaries=0 1 2 3 4 5 6 7 8 9 10 11 12
cat_threshold=2 8 512 2 1 8 2 1 2 768 1 1
shrinkage=0.1


Tree=5
num_leaves=32
num_cat=13
split_feature=2 10 3 3 10 3 0 1 7 4 0 3 0 3 5 0 0 7 7 7 3 0 0 10 9 10 3 3 0 0 0
split_gain=114.424 76.6937 33.8067 30.3526 381.63 1342.9 27.7924 25.6032 23.1586 18.5841 18.4006 18.3926 18.1022 878.213 12.4077 119.904 12.3603 126.738 13.3869 11.6018 8.29146 6.14617 174.91 5.96313 5.85558 4.3786 828.956 3.23825 2.9176 0.470275 0.0999736
threshold=0 1 3.5000000000000004 11.500000000000002 2 9.5000000000000018 10.500000000000002 3 4 5 3.5000000000000004 2.5000000000000004 6.5000000000000009 4.5000000000000009 6 6.5000000000000009 6.5000000000000009 7 8 9 5.5000000000000009 109.50000000000001 110.50000000000001 10 11 12 21.500000000000004 4.5000000000000009 6.5000000000000009 1.5000000000000002 2.5000000000000004
decision_type=1 1 2 2 1 2 2 1 1 1 2 2 2 2 1 2 2 1 1 1 2 2 2 1 1 1 2 2 2 2 2
left_child=2 7 8 4 6 -6 -4 9 23 10 -2 16 20 -14 19 -16 18 -18 -3 -10 -13 24 -23 30 -9 26 -5 -11 -25 -27 -1
right_child=1 11 3 25 5 -7 -8 21 14 27 -12 12 13 -15 15 -17 17 -19 -20 -21 -22 22 -24 28 -26 29 -28 -29 -30 -31 -32
leaf_value=-0.12655072352886906 0.010294981470526609 -0.14814756103966281 0.13690160845884741 -0.10033271606248165 2.8437805784839347 51.238559930763394 0.91035044729888392 0.082537221437027464 0.24204332135089524 -0.076791570373176521 0.15838491785951081 -0.024190215317019186 0.12575767656874318 44.373392862404486 -0.10068726716714907 2.0477982197110745 -0.14877359606272567 -0.94639422166849452 -0.07578654985432326 0.034092933742753684 -0.1149370806504344 17.911970475820532 0.075906705667506624 0.054341578062638812 -0.083202804152168131 -0.054821100730223886 83.269886109679064 0.034563331029995453 0.53391062613651641 -0.14021394436805376 -0.14819565357606387
leaf_weight=4.7709029541769326 37.171801050876809 118.39702893640904 7.592907101089108 0.20933753033907279 0.30548484728773395 0.0058435462700856524 0.49486060371864837 2.1775189530223917 2.9232964572584064 21.542347309757567 10.836346676876856 14.391316247321887 1.7574106472420667 0.0044970702983847524 1.2798171761687458 0.32590451023102107 31.070773288607597 2.1285873487788356 32.607689476593436 32.626725407921057 33.520400887999905 0.0055518622770035489 0.56846536291362559 0.6478830972318842 101.1874733397226 1.2299375558419363 0.0011994736851193002 2.9717688710595338 0.15774771283012945 1.355897778894956 3.8606678405086186
leaf_count=34 2370899 780 67582 1611 1222 77 2797 4421 52789 1406334 455138 41081 1347 1234 25796 2032 141 2636 30591 519973 16972 236 22093 19226 6615824 41 145 170927 1802 52 23
internal_value=0 -0.903511 0.557828 2.2147 3.16477 37.5214 1.84226 -0.427817 0.279434 0.0663385 0.437217 -1.30105 -0.761029 2.38695 0.634742 3.35379 -1.44668 -1.99913 -1.32522 0.511928 -0.876793 -0.710622 2.48416 -1.11947 -0.797113 -0.638919 3.74645 -0.632924 1.48244 -0.995973 -1.36232
internal_weight=0 410.339 57.7884 11.1955 8.3991 0.311328 8.08777 176.461 46.5929 72.5223 48.0081 233.878 49.6736 1.76191 37.1557 1.60572 184.204 33.1994 151.005 35.55 47.9117 103.939 0.574017 9.4372 103.365 2.79637 0.210537 24.5141 0.805631 2.58584 8.63157
internal_count=11835856 11140654 695202 73527 71678 1299 70379 11045872 621675 4403298 2826037 94782 60634 2581 600590 27828 34148 2777 31371 572762 58053 6642574 22329 21085 6620245 1849 1756 1577261 21028 93 57
cat_boundaries=0 1 2 3 4 5 6 7 8 9 10 11 12 13
cat_threshold=393728 1 1 960 8 2 1 8 8 4 2 2 1
shrinkage=0.1


Tree=6
num_leaves=30
num_cat=13
split_feature=0 0 5 3 7 3 7 10 3 3 3 0 10 5 3 3 3 7 2 5 0 10 3 3 8 7 3 10 3
split_gain=3271.4 55219.2 81780.8 31005.2 8680.69 1550.64 401.396 843.764 2244.6 370.508 227.523 2043.33 32301.6 601101 6539.07 201.578 2615.06 75.1624 50.6056 25.3975 24.4798 22.5077 8.47134 6.49587 3.40556 1.46921 2.59918 0.0904283 1.02598e-08
threshold=109.50000000000001 110.50000000000001 0 1.0000000180025095e-35 1 1.0000000180025095e-35 2 3 4.5000000000000009 5.5000000000000009 4.5000000000000009 6.5000000000000009 4 5 21.500000000000004 9.5000000000000018 11.500000000000002 6 7 8 104.50000000000001 9 8.5000000000000018 2.5000000000000004 10 11 1.0000000180025095e-35 12 3.5000000000000004
decision_type=2 2 1 2 1 2 1 1 2 2 2 2 1 1 2 2 2 1 1 1 2 1 2 2 1 1 2 1 2
left_child=10 2 3 -2 -5 -4 7 8 -3 -7 17 15 13 -13 -14 22 -17 21 20 -20 -19 23 -12 -1 -23 26 -8 -27 -9
right_child=1 6 5 4 -6 9 25 28 -10 -11 11 12 14 -15 -16 16 -18 18 19 -21 -22 24 -24 -25 -26 27 -28 -29 -30
leaf_value=-0.1408986226418468 -150.71850591005131 -3.2957516346503648 -77.710613413332339 -31.760718360166198 -4.8378745996176065 -119.76806236059245 0.22114613077940015 -0.10000485452934915 -33.93169390087931 -148.66395518084047 0.053827809225217238 2.1422526349357196 0.27145705641523959 -870.70746515427857 -163.04590433190162 -4.4465413671794121 -0.14334856793485207 0.027662855731290965 -0.26587456175284641 -0.065881352953576541 2.5984285077038525 0.05997636911082619 0.37861742385316366 0.036832471902514138 0.53073799822434198 -0.10004126260838256 -0.10013250072231233 -0.14203707936005078 -0.10004307506241226
leaf_weight=137.79794806233858 0.01657701343538065 0.12522401760681134 0.0090041113125820509 0.16403280360002959 0.44371775606653008 0.07759422869821718 0.31111362458067854 0.20070390286672823 0.029560830444106401 0.0047065220260265042 20.880664633618252 0.13361729867756367 1.8838573893611525 0.0083849544172076573 0.0024548045556779243 1.4724937715924742 34.495769675751774 80.424344043207327 6.6323873034372944 149.03922272031687 0.037058048654386222 5.0004936122906543 0.83518044770589739 2.0875676654774784 0.1585409871596245 0.53721484647142148 1.3210108599384089 11.251815870404242 0.10804188937618164
leaf_count=914 31 35 47 81 54 253 4823 8781 29 23 864205 112 38906 1017 119 36633 35827 2262701 327737 7911619 583 252840 35661 584 6600 14350 28821 135 2335
internal_value=0 -16.2391 -287.125 -157.848 -121.044 -1171.1 -2.27735 -31.2091 -91.4661 -1214.21 -1.02455 -2.83956 -34.0355 -493.978 0.589195 -1.74264 -3.19516 -0.740228 -0.392204 -0.699111 0.25658 -1.30681 0.663191 -1.38246 0.744432 -1.27813 -0.388908 -1.40123 -1.00018
internal_weight=0 14.6003 0.715632 0.624328 0.607751 0.0913049 13.8847 0.463531 0.154785 0.0823008 440.89 59.7124 2.02831 0.142002 1.88631 57.6841 35.9683 381.178 236.133 155.672 80.4614 145.045 21.7158 139.886 5.15903 13.4212 1.63212 11.789 0.308746
internal_count=11835856 59798 489 166 135 323 59309 11180 64 276 11776058 1012480 40154 1129 39025 972326 72460 10763578 10502640 8239356 2263284 260938 899866 1498 259440 48129 33644 14485 11116
cat_boundaries=0 1 2 3 4 5 6 7 8 9 10 11 12 13
cat_threshold=2 8 2 2 2 2 8 21400321 2 2 1 1 1
shrinkage=0.1


Tree=7
num_leaves=31
num_cat=17
split_feature=3 3 0 7 4 3 2 10 3 7 0 0 7 10 3 7 0 7 3 8 1 4 10 0 8 0 8 7 0 7
split_gain=227.897 16901.8 219458 325498 48788.9 353.276 89.5901 84.5929 7222.83 10087.6 58.7873 150.047 49.9441 39.796 54.989 22.6717 19.1966 18.0292 28.9118 63.5264 13.7473 15.5496 8.22619 2.72917 1.52122 0.0184916 4.8012e-05 7.86509e-06 6.56111e-06 4.54604e-07
threshold=9.5000000000000018 11.500000000000002 6.5000000000000009 0 1 10.500000000000002 2 3 21.500000000000004 4 109.50000000000001 110.50000000000001 5 6 5.5000000000000009 7 1.5000000000000002 8 5.5000000000000009 9 10 11 12 9.5000000000000018 13 4.5000000000000009 14 15 33.500000000000007 16
decision_type=2 2 2 1 1 2 1 1 2 1 2 2 1 1 2 1 2 1 2 1 1 1 1 2 1 2 1 1 2 1
left_child=6 2 3 5 -5 -2 17 8 28 -10 13 12 -12 16 -15 -13 -8 18 22 -20 23 -22 -1 -19 25 -9 27 -4 -3 -28
right_child=1 7 26 4 -6 -7 10 24 9 -11 11 15 -14 14 -16 -17 -18 20 19 -21 21 -23 -24 -25 -26 -27 29 -29 -30 -31
leaf_value=-0.1217312690447552 38.484918176324101 -0.10009499722400064 -0.10005765486312618 -1036.2970257832544 -511.47999315328246 -0.1000056597734284 -0.076457100060143182 -0.1123548096387243 -9.3873287481700789 -173.18044724589299 -4.6396400706797456 -0.46535079155059372 -1.1484443580004857 -0.12162049656637502 2.6073526912481721 -0.12363350876044954 0.00032320296289464951 -0.078459053200473305 7.8522737390814159 0.59169119523381264 -0.023822493308083444 0.091112051916132336 0.090799561964665321 0.088152332151607116 0.049711420072725526 -0.12528001827879356 -0.10038862167489088 -0.10405753076440097 -0.10135720239323931 -0.10003954180114782
leaf_weight=13.883489501312873 0.0051833721230426233 1.2781753034070087 0.0055019614665070549 0.0050183506321017646 0.0027376902086894126 0.0043763390835351856 84.938227462553101 27.969658124284575 0.010767483967622888 0.0057776601857529326 0.042184181505236056 2.3635374784234537 1.4314623055187115 159.78977731843958 0.07387175240859177 10.874792097544759 52.808322958826494 13.331588388347162 0.012574911699329394 0.28905517154728394 15.469931014382015 49.232035412322489 2.0961556802320098 1.0614289630694376 0.58713700524988155 1.1524843361461972 0.055071561096412591 0.046158366280876301 0.042554016574867126 0.11564884299297253
leaf_count=167 621 32956 57 21252 14268 492 6764423 1388 71 2747 189 9830 243 72804 13713 41940 2870253 500184 123 3365 479838 941913 50835 9576 33 101 70 45 423 1936
internal_value=0 -3.48901 -268.013 -3697.06 -8510.5 208.211 -0.688437 -1.44674 -9.22703 -665.848 -0.930814 -2.91194 -12.4838 -0.864156 -1.20359 -1.84643 -0.470216 0.183602 -0.755439 8.94384 0.400112 0.551137 -0.938522 -0.390446 -1.09653 -1.12866 -1.0096 -1.03632 -1.00136 -1.00152
internal_weight=0 31.2863 0.239696 0.0173158 0.00775604 0.00955971 407.698 31.0466 1.33727 0.0165451 312.322 14.712 1.47365 297.61 159.864 13.2383 137.747 95.3763 16.2813 0.30163 79.095 64.702 15.9796 14.393 29.7093 29.1221 0.222381 0.0516603 1.32073 0.17072
internal_count=11835856 76460 38741 36633 35520 1113 11759396 37719 36197 2818 9773395 52202 432 9721193 86517 51770 9634676 1986001 54490 3488 1931511 1421751 51002 509760 1522 1489 2108 102 33379 2006
cat_boundaries=0 1 2 3 4 5 6 7 8 9 10 11 12 13 14 15 16 17
cat_threshold=8 2 21398273 1 8 1 1 2 8 2 7 1 2 1 2 1 8
shrinkage=0.1


Tree=8
num_leaves=31
num_cat=19
split_feature=3 3 0 7 4 7 2 0 10 7 3 10 9 3 5 3 0 0 3 1 3 9 7 10 8 10 8 7 7 7
split_gain=12326.9 2.75034e+06 2.67152e+07 1.18753e+08 272.918 76.008 34.3903 30.3019 29.3587 25.9104 24.1745 22.7111 37.1083 25.0887 14.6353 13.7558 247.46 648.722 9.93808 8.35745 8.19504 4.82241 1.8946 19.0052 1.43597 0.0202698 3.03951e-05 4.26354e-06 1.62198e-07 1.61285e-07
threshold=9.5000000000000018 10.500000000000002 7.5000000000000009 0 1 2 3 109.50000000000001 4 5 2.5000000000000004 6 7 6.5000000000000009 8 11.500000000000002 5.5000000000000009 2.5000000000000004 5.5000000000000009 9 4.5000000000000009 10 11 12 13 14 15 16 17 18
decision_type=2 2 2 1 1 1 1 2 1 1 2 1 1 2 1 2 2 2 2 1 2 1 1 1 1 1 1 1 1 1
left_child=5 2 3 -2 -5 6 11 8 10 25 -7 13 -13 -1 -11 16 17 -3 -10 20 -8 -21 23 -17 -24 -9 27 -4 -28 -18
right_child=1 15 26 4 -6 7 19 9 18 14 -12 12 -14 -15 -16 22 29 -19 -20 21 -22 -23 24 -25 -26 -27 28 -29 -30 -31
leaf_value=0.017211243018028139 -24460.660739784333 -0.10000173896157674 -0.10006420951891459 33.751451580449633 -0.10002528085390379 -0.12722517058734475 -0.0059206542986523086 -0.13223404602747865 -0.020741345623956711 -0.53054751845021741 -0.016673850645454451 -0.13756209162169172 0.4287562716662211 0.32115399389615895 -0.22012652853665016 -0.10202114195156574 -0.10036421989600862 90.881788012906682 -0.10843602920057585 0.16720736021984325 0.2108692505042658 -0.089059458834348973 0.037556479255242234 1.9704642495132292 -0.11490912750089521 -0.10000807014149811 -0.10034825525995227 -0.10371473958157902 -0.10003507184677166 -0.10003993423417396
leaf_weight=60.376966679343141 0.0024774575391153936 0.0027308918104176202 0.0034680180906434543 0.0059081643994431934 0.0039901005955998159 147.25074252831485 18.068088448573132 9.9545487910509109 63.076552384613123 3.3973984337200029 22.849475071878544 1.7065823946522869 3.5931662975736733 2.8436903476322177 2.7467159308336973 0.5275996413147368 0.02285153351417284 0.0010991209020971835 16.252495983711739 0.74478072218516722 1.9299601120037111 52.227284943917986 0.63206385658562914 0.048298252051103385 27.246084952125077 0.19908453340019683 0.024649188985363182 0.041293637659942005 0.050244796961837451 0.04663908124257618
leaf_count=2378583 624 12306 30 13117 8689 12671 1195811 83 3729008 4766 21364 194 47165 60495 12687 153 40 1872 153855 1296 96392 4036862 973 3510 33083 8164 38 25 940 1060
internal_value=0 -22.1172 -4575.68 -48806.2 201.055 -0.66052 -0.0684533 -0.975775 -0.889456 -2.29685 -1.12375 0.414957 2.46395 0.308827 -3.91774 -1.04219 12.6373 260.096 -0.387077 -0.509437 0.100005 -0.718859 -1.07744 0.717899 -1.11452 -1.31602 -1.0137 -1.03432 -1.00138 -1.00147
internal_weight=0 28.6594 0.132031 0.0123757 0.00989826 407.218 141.491 265.727 249.429 16.2977 170.1 68.5204 5.29975 63.2207 6.14411 28.5274 0.0733206 0.00383001 79.329 72.9701 19.998 52.9721 28.454 0.575898 27.8781 10.1536 0.119656 0.0447617 0.074894 0.0694906
internal_count=11835856 76460 23463 22430 21806 11759396 7816798 3942598 3916898 25700 34035 2486437 47359 2439078 17453 52997 15278 14178 3882863 5330361 1292203 4038158 37719 3663 34056 8247 1033 55 978 1100
cat_boundaries=0 1 2 3 4 5 6 7 8 9 10 11 12 13 14 15 16 17 18 19
cat_threshold=8 2 1 528130 2 8 1 2 2 832 2 4 2 2 2 2 1 8 8
shrinkage=0.1


Tree=9
num_leaves=30
num_cat=13
split_feature=3 3 0 0 0 3 7 1 5 7 0 4 3 7 2 10 8 0 0 3 3 7 3 0 10 3 8 8 0
split_gain=1483.49 208579 1.75062e+06 2.28562e+06 744559 3.49378e+06 67.203 28.6875 26.3012 50.4102 1076.25 23.5262 30.652 19.6231 14.7932 8.32067 51.1421 5.23403 4.83756 2.56906 2.31963 1.44929 90.854 94.741 1.47638 75.8224 1.34609 2.59824e-05 5.20102e-06
threshold=9.5000000000000018 11.500000000000002 5.5000000000000009 1.0000000180025095e-35 7.5000000000000009 10.500000000000002 0 1 2 3 13.500000000000002 4 6.5000000000000009 5 6 7 8 109.50000000000001 9.5000000000000018 4.5000000000000009 2.5000000000000004 9 20.500000000000004 1.5000000000000002 10 20.500000000000004 11 12 33.500000000000007
decision_type=2 2 2 2 2 2 1 1 1 1 2 1 2 1 1 1 1 2 2 2 2 1 2 2 1 2 1 1 2
left_child=6 2 3 -2 5 -4 7 11 9 10 -8 19 -13 20 -15 16 -9 -11 -17 -1 -10 22 28 -24 26 -26 -23 -6 -3
right_child=1 21 4 -5 27 -7 8 15 13 17 -12 12 -14 14 -16 18 -18 -19 -20 -21 -22 24 23 -25 25 -27 -28 -29 -30
leaf_value=-0.068128699354732855 154.77321325550952 -0.10012496997407323 -3462.2419984590329 -5934.1232818978679 -0.10011654969850857 -0.10022693218330347 -0.34031826941184312 5.3597761926906298 -0.11975827320294895 -0.11053399563250002 -18.871099565041913 0.05370767373474146 0.42857175423549515 0.016351964260058551 -0.063281359670289805 -0.080834411834754663 0.061273845949626815 -0.17826917826346433 0.016050212541549574 0.030902664152895377 -0.053183332537485944 -0.11030416091946749 -18.813013873729698 -0.10017414086629486 -0.10001571825029665 7.6206697172456224 0.038868380571351904 -0.10303893108616143 -0.10166945772118513
leaf_weight=18.448488003586558 0.0012913788913171125 0.61916556327445715 0.0036104816288448768 0.001179638108879999 0.1147642681656766 0.015126834617947768 3.3957317662127058 0.018315580664022946 53.930143393061712 76.668876413512692 0.03163381542055077 56.591357450919489 2.2687267417835804 33.909542909670769 64.795896555266893 51.953742018350304 3.3775221602141063 13.402132607716707 5.7212032489960611 3.0530737197021329 5.796032419434666 24.299535740260882 0.0053438991777312404 0.0054800925025211477 0.70930405192468526 0.012952232327734237 0.62036306826981291 0.041397315837141763 0.02259897232420327
leaf_count=1191798 17818 1202 582 18208 1632 418 122384 74 103456 258238 4262 2578744 59218 683682 2714151 3700702 10601 11472 141909 133752 44953 1454 59 31 31538 3371 32 83 32
internal_value=0 -8.35283 -1089.13 -27520 -715.707 -6672.18 -0.619069 -0.067419 -0.928762 -1.34936 -5.11353 0.315308 0.681566 -0.680547 -0.406784 -0.535058 0.898515 -1.20613 -0.712237 -0.540669 -1.13298 -1.06251 -2.53414 -93.3887 -1.02506 0.384394 -1.06591 -1.00891 -1.00179
internal_weight=0 26.4721 0.17737 0.00247102 0.174899 0.0187373 393.362 141.432 251.93 93.4984 3.42737 80.3616 58.8601 158.432 98.7054 61.0708 3.39584 90.071 57.6749 21.5016 59.7262 26.2947 0.652589 0.010824 25.6422 0.722256 24.9199 0.156162 0.641765
internal_count=11835856 76460 38741 36026 2715 1000 11759396 7816798 3942598 396356 126646 3963512 2637962 3546242 3397833 3853286 10675 269710 3842611 1325550 148409 37719 1324 90 36395 34909 1486 1715 1234
cat_boundaries=0 1 2 3 4 5 6 7 8 9 10 11 12 13
cat_threshold=1 992 2 2 1 8 31624705 2 2 8 2 1 1
shrinkage=0.1


Tree=10
num_leaves=31
num_cat=17
split_feature=3 3 0 7 4 7 3 7 2 5 6 7 10 5 0 10 3 4 0 3 8 3 0 7 3 0 7 7 0 7
split_gain=1526.23 1.07806e+06 3.41014e+06 4.45082e+06 4.32071e+06 106.606 12796.5 65.7308 43.8836 35.2159 124.702 13.2585 35.5436 21.2851 11.0907 3.71464 15.3343 3.38961 1.22095 0.986516 0.659515 2.93562 0.260164 0.0885525 0.0727873 2.13149e-06 1.49725e-08 1.38162e-08 4.51136e-10 2.11552e-11
threshold=10.500000000000002 11.500000000000002 7.5000000000000009 0 1 2 20.500000000000004 3 4 5 6 7 8 9 1.5000000000000002 10 2.5000000000000004 11 14.500000000000002 2.5000000000000004 12 18.500000000000004 1.5000000000000002 13 1.0000000180025095e-35 8.5000000000000018 14 15 20.500000000000004 16
decision_type=2 2 2 1 1 1 2 1 1 1 1 1 1 1 2 1 2 1 2 2 1 2 2 1 2 2 1 1 2 1
left_child=7 2 3 4 -2 6 25 15 11 14 -11 13 -13 -9 -10 19 17 -17 -18 24 23 -22 -21 -7 -1 -3 28 -28 -4 -5
right_child=1 5 26 29 -6 20 -8 8 9 10 -12 12 -14 -15 -16 16 18 -19 -20 22 21 -23 -24 -25 -26 -27 27 -29 -30 -31
leaf_value=-0.12101747848162821 -1981.3978170278156 -0.10010889384946071 -0.10002709692629408 -0.10002323522245667 -7473.226799699717 -0.11938915682101546 -161.42177680283407 -0.64343611902651077 -0.070536048834646245 -4.4968268841633723 -0.20716849928323589 0.038382936980596659 0.34228855992638446 -0.014925745859334767 -0.017095666856887341 0.13833400794629649 -0.12317717939447648 -0.10000292417988528 -0.37065508293095817 -0.020176362191366943 0.27799544874780407 -0.11002925552090154 -0.10220805787311237 -0.10790901848383119 -0.12612955677249413 -0.10084966538957203 -0.10002255623232625 -0.10021147710584098 -0.10005450738478693 -0.10001091491289504
leaf_weight=47.306805820380404 0.0048453181561853844 0.5389261644704495 0.012485462524637114 0.0048667188438991085 0.0020339579654540248 8.3192687867611159 0.0049590460282833418 0.55259467048467736 91.238539475847304 0.068197868348135432 10.758048303905722 52.713918036429178 4.1515234770504881 21.628289769192982 67.613655977975341 3.35656903654621 12.337383846846267 0.72573112591262301 0.2026276124169194 1.1438982867845169 0.23996657732958129 1.0399454355083433 0.58400341328654004 34.930652667166967 67.727181780088245 0.04186032262658157 0.0053731325788248796 0.013847056247283551 0.011567485560590283 0.0019530084809957768
leaf_count=309 29 1136 245 1269 32 3221 21 6265 1093134 845 66830 951123 3939 213135 1078362 78598 31688 14453 426 112 412 47 108 7844 449 22 121 56 156 637
internal_value=0 -6.74629 -4354.01 -18104.5 -36051.4 -1.25654 -14.6595 -0.599675 -0.295948 -0.563613 -2.3419 0.31062 0.605699 -0.305839 -0.477897 -1.16604 -0.723748 0.959636 -1.27176 -1.22901 -1.08024 -0.372798 -0.479018 -1.10117 -1.24027 -1.00162 -1.00093 -1.00159 -1.0004 -1.0002
internal_weight=0 45.1726 0.0569721 0.013699 0.00687928 45.1156 0.585746 382.109 248.725 169.678 10.8262 79.0463 56.8654 22.1809 158.852 133.384 16.6223 4.0823 12.54 116.762 44.5298 1.27991 1.7279 43.2499 115.034 0.580786 0.0432731 0.0192202 0.0240529 0.00681973
internal_count=3555024 15248 2545 1967 61 12703 1179 3539776 3413633 2239171 67675 1174462 955062 219400 2171496 126143 125165 93051 32114 978 11524 459 220 11065 758 1158 578 177 401 1906
cat_boundaries=0 1 2 3 4 5 6 7 8 9 10 11 12 13 14 15 16 17
cat_threshold=8 2 8 8 16910081 1 2 2 1 2 2 2 1 4 1 2 1
shrinkage=0.1


Tree=11
num_leaves=32
num_cat=14
split_feature=5 7 0 3 6 2 10 1 7 10 3 3 0 3 7 1 7 0 7 9 0 3 3 0 0 3 0 0 3 0 10
split_gain=44.8741 49.3275 254.901 2151.35 26263.5 39.7529 19.9867 15.7286 10.4338 62.6003 100.586 9.13916 8.54597 4.81634 4.74242 4.6966 4.10551 3.8077 3.34913 2.98949 2.66003 2.57298 7.53244 2.52614 9.34297 1.84011 0.513592 0.0440922 0.00166336 0.000233554 3.32888e-07
threshold=0 1 6.5000000000000009 4.5000000000000009 2 3 4 5 6 7 5.5000000000000009 9.5000000000000018 136.50000000000003 7.5000000000000009 8 9 10 126.50000000000001 11 12 109.50000000000001 2.5000000000000004 3.5000000000000004 6.5000000000000009 18.500000000000004 2.5000000000000004 14.500000000000002 1.5000000000000002 19.500000000000004 7.5000000000000009 13
decision_type=1 1 2 2 1 1 1 1 1 1 2 2 2 2 1 1 1 2 1 1 2 2 2 2 2 2 2 2 2 2 1
left_child=1 2 21 4 -4 8 16 11 9 15 -11 -8 -9 18 23 -2 27 -18 -10 20 -16 30 -23 28 -25 -21 -15 -7 -3 -5 -1
right_child=5 14 3 29 -6 6 7 12 13 10 -12 -13 -14 26 19 -17 17 -19 -20 25 -22 22 -24 24 -26 -27 -28 -29 -30 -31 -32
leaf_value=-0.10012404727030999 0.047300058812933317 -0.10009913565598594 -4.5960965150068036 -0.10680763799670959 -286.21079954411937 -0.11540185666471847 0.0012915085869829627 -0.086751918765862857 0.061417516182431103 1.7568873215664162 0.22598878018317614 -0.10800130979602247 0.78376362686177392 -0.12280246969017493 -0.11057894584637354 -0.021318750820642527 -0.074158950864964754 -0.19936683747737835 -0.021265055869239269 -0.75698002082214844 -0.16129830659139399 0.52086357002189931 -0.10383958132993457 0.1991514751054014 -0.11739424347420474 -0.10166353342598566 -0.27092030297800118 -0.12212426616743517 -0.10549677603143751 -0.11349428744086128 -0.10000131843717591
leaf_weight=0.39462824816291686 19.087836292730572 2.1480481647180629 0.063852601508652254 0.059674903750419617 0.0034927762736193095 14.964957967544711 84.69667491946548 62.913751388001501 6.7699159135117952 0.53846763096862493 2.1147261794833412 8.4108789146792997 0.11297635782648184 2.5675262525801368 67.295585098899039 11.362967368744664 58.119828689965495 2.5347705046260662 17.726478526599074 0.11855012861269544 12.217794502094334 0.32190961742293206 0.48204006313856063 1.6681178551462497 2.1141695363244253 0.06710304429725511 0.25758718141332781 28.035738957654829 0.77760315706109373 0.4190463125705719 0.50232898349553357
leaf_count=336 225692 39762 26 22 1162 172 1881193 834012 54298 1589 168 8741 2032 1955 108084 191537 46589 105 131357 60 5237 2104 3020 5680 5618 29 86 222 34 93 10895
internal_value=0 -1.2454 -5.87103 -24.6687 -192.017 -0.441469 -0.598045 -0.395066 0.283719 0.708179 5.36686 -0.0774918 -0.735257 -0.126731 -1.12512 0.302266 -0.961483 -0.793914 0.0158541 -1.19308 -1.18372 0.163859 1.46298 -0.317587 0.222132 -5.2012 -1.36308 -1.19785 -1.01534 -1.12661 -1.00055
internal_weight=0 88.6539 2.24697 0.546067 0.0673454 320.215 259.79 156.134 60.4255 33.104 2.65319 93.1076 63.0267 27.3215 86.407 30.4508 103.655 60.6546 24.4964 79.699 79.5134 1.70091 0.80395 6.70794 3.78229 0.185653 2.82511 43.0007 2.92565 0.478721 0.896957
internal_count=3561910 182162 17658 1303 1188 3379748 2773066 2725978 606682 418986 1757 1889934 836044 187696 164504 417229 47088 46694 185655 113410 113321 16355 5124 51094 11298 89 2041 394 39796 115 11231
cat_boundaries=0 1 2 3 4 5 6 7 8 9 10 11 12 13 14
cat_threshold=2 2 2 1536 2 992 1 1 1 992 8 4 1 2
shrinkage=0.1


end of trees

feature importances:
count_proc=98
adm_past_year=77
pat_remoteness=65
cc_tetplg_prplg_dplg_hmplg_dt=33
an100mdc_ra=14
indstat_flag=12
cc_copd=12
flag_emergency=11
agegroup_rm=8
cc_spina_bifida=7
pacemaker=2

parameters:
[boosting: goss]
[objective: cross_entropy]
[metric: cross_entropy]
[tree_learner: serial]
[device_type: cpu]
[data: ]
[valid: ]
[num_iterations: 100]
[learning_rate: 0.1]
[num_leaves: 32]
[num_threads: 4]
[max_depth: 5]
[min_data_in_leaf: 20]
[min_sum_hessian_in_leaf: 0.001]
[bagging_fraction: 1]
[pos_bagging_fraction: 1]
[neg_bagging_fraction: 1]
[bagging_freq: 0]
[bagging_seed: 3]
[feature_fraction: 1]
[feature_fraction_bynode: 1]
[feature_fraction_seed: 2]
[early_stopping_round: 0]
[first_metric_only: 0]
[max_delta_step: 0]
[lambda_l1: 0]
[lambda_l2: 0]
[min_gain_to_split: 0]
[drop_rate: 0.1]
[max_drop: 50]
[skip_drop: 0.5]
[xgboost_dart_mode: 0]
[uniform_drop: 0]
[drop_seed: 4]
[top_rate: 0.2]
[other_rate: 0.1]
[min_data_per_group: 100]
[max_cat_threshold: 32]
[cat_l2: 10]
[cat_smooth: 10]
[max_cat_to_onehot: 4]
[top_k: 20]
[monotone_constraints: ]
[feature_contri: ]
[forcedsplits_filename: ]
[forcedbins_filename: ]
[refit_decay_rate: 0.9]
[cegb_tradeoff: 1]
[cegb_penalty_split: 0]
[cegb_penalty_feature_lazy: ]
[cegb_penalty_feature_coupled: ]
[verbosity: 1]
[max_bin: 255]
[max_bin_by_feature: ]
[min_data_in_bin: 3]
[bin_construct_sample_cnt: 200000]
[histogram_pool_size: -1]
[data_random_seed: 1]
[output_model: LightGBM_model.txt]
[snapshot_freq: -1]
[input_model: ]
[output_result: LightGBM_predict_result.txt]
[initscore_filename: ]
[valid_data_initscores: ]
[pre_partition: 0]
[enable_bundle: 1]
[max_conflict_rate: 0]
[is_enable_sparse: 1]
[sparse_threshold: 0.8]
[use_missing: 1]
[zero_as_missing: 0]
[two_round: 0]
[save_binary: 0]
[header: 0]
[label_column: ]
[weight_column: ]
[group_column: ]
[ignore_column: ]
[categorical_feature: ]
[predict_raw_score: 0]
[predict_leaf_index: 0]
[predict_contrib: 0]
[num_iteration_predict: -1]
[pred_early_stop: 0]
[pred_early_stop_freq: 10]
[pred_early_stop_margin: 10]
[convert_model_language: ]
[convert_model: gbdt_prediction.cpp]
[num_class: 1]
[is_unbalance: 0]
[scale_pos_weight: 1]
[sigmoid: 1]
[boost_from_average: 1]
[reg_sqrt: 0]
[alpha: 0.9]
[fair_c: 1]
[poisson_max_delta_step: 0.7]
[tweedie_variance_power: 1.5]
[max_position: 20]
[lambdamart_norm: 1]
[label_gain: ]
[metric_freq: 1]
[is_provide_training_metric: 0]
[eval_at: ]
[multi_error_top_k: 1]
[num_machines: 1]
[local_listen_port: 12400]
[time_out: 120]
[machine_list_filename: ]
[machines: ]
[gpu_platform_id: -1]
[gpu_device_id: -1]
[gpu_use_dp: 0]

end of parameters

pandas_categorical:[[0, 1, 2, 3, 4, 5, 6, 7, 8, 9], [0, 1, 2, 3, 4, 5, 6, 7, 8, 9, 10, 11, 12, 13, 14, 15, 16, 17, 18, 19, 20, 21, 22, 23, 99], [0, 1], [0, 1], [0, 1], [0, 1, 2, 3], [0, 1], [0, 1], [0, 1]]
