tree
version=v3
num_class=1
num_tree_per_iteration=1
label_index=0
max_feature_idx=9
objective=cross_entropy
feature_names=cc_Depression cc_Spina_bifida flag_emergency cc_Tetplg_prplg_dplg_hmplg_dt count_proc an100mdc_ra agegroup_rm pat_remoteness indstat_flag adm_past_year
feature_infos=1:0 1:0 1:0 1:0 [0:50] 6:5:8:14:1:4:11:3:21:9:23:19:2:13:7:10:18:20:12:16:22:15:0:24:17 3:7:6:2:5:4:8:0:1:9 1:0:2:3 1:0 [0:338]
tree_sizes=2730 2605 3052 2781 2370 1882 2676 3079 2787 3031 2425 2826 3058 2482 2665 2338 2950 3272 3152 1865 2779 3076

Tree=0
num_leaves=25
num_cat=7
split_feature=1 9 4 3 7 4 4 4 9 9 8 9 5 4 4 4 4 2 9 9 4 4 0 4
split_gain=1862.82 1375.65 1663.86 1021.32 1110.59 3689.95 581.876 559.549 2041.27 466.813 702.488 274.982 182.306 488.828 269.645 91.8665 169.7 252.226 91.7927 28.7056 27.7837 5.12119 6.93889e-18 8.67362e-19
threshold=0 1.5000000000000002 8.5000000000000018 1 2 8.5000000000000018 5.5000000000000009 1.0000000180025095e-35 2.5000000000000004 8.5000000000000018 3 2.5000000000000004 4 23.500000000000004 3.5000000000000004 4.5000000000000009 5.5000000000000009 5 1.5000000000000002 1.5000000000000002 5.5000000000000009 8.5000000000000018 6 9.5000000000000018
decision_type=1 2 2 1 1 2 2 2 2 2 1 2 1 2 2 2 2 1 2 2 2 2 1 2
left_child=3 15 7 12 5 6 -5 8 -3 18 -11 -9 13 14 -1 22 17 -17 -6 21 -21 -14 -2 -18
right_child=1 2 -4 4 9 -7 -8 11 -10 10 -12 -13 19 -15 -16 16 23 -19 -20 20 -22 -23 -24 -25
leaf_value=-10.557001007573488 -10.928313544423624 86.05339281325962 112.07287500673864 -3.0974925341742354 -9.8194075127629894 140.36314837352268 35.766582109276129 -10.928313544423636 4.9803575300254135 26.335593331931964 -4.6589839439752438 7.9477266200202443 -10.90571764922224 39.002862006034633 -9.059133140198016 -10.928313544423586 -10.928313544423624 42.156409935556113 -8.3755174266809256 -10.839783854754169 -10.528534289148938 -10.713252047411617 -10.928313544423645 -10.928313544423558
leaf_weight=11.849855529082559 0.0046003917086636648 0.0041244891181122494 0.0016260005177173287 0.038310158539388801 1.1723265439995878 0.0019829274606308887 0.0042831233149627215 0.010192247147642776 0.012571760100399842 0.0080506854901614133 0.07975334246657427 0.031786327193913166 154.89538712345166 0.0020027567352379752 1.3374845721955342 0.0017053176161425654 0.0044615867864195033 0.0018837810875993453 0.70510917572573806 64.385178744094446 3.0016564435300088 1.3949498100046174 0.044853819159469725 0.0011302686525596073
leaf_count=597594 232 208 82 1932 59121 100 216 514 634 406 4022 1603 7811450 101 67450 86 225 95 35559 3246976 151375 70348 2262 57
internal_value=0 125.118 231.169 -0.0622961 22.3852 178.468 116.389 203.517 358.362 18.8449 90.112 141.93 -0.252764 2.44985 4.23227 16.0546 107.921 277.621 15.5119 -0.499328 0.023919 -0.756883 -1.00002 -1.00002
internal_weight=0 0.118936 0.0603008 238.876 2.00982 0.0445762 0.0425933 0.0586748 0.0166962 1.96524 0.087804 0.0419786 236.867 13.1893 13.1873 0.0586352 0.00918095 0.0035891 1.87744 223.677 67.3868 156.29 0.0494542 0.00559186
internal_count=12052648 5998 3041 12046650 101356 2248 2148 2959 842 99108 4428 2117 11945294 665145 665044 2957 463 181 94680 11280149 3398351 7881798 2494 282
cat_boundaries=0 1 2 3 4 5 6 7
cat_threshold=1 1 8 2 262656 2 2
shrinkage=1


Tree=1
num_leaves=24
num_cat=11
split_feature=1 4 4 9 9 4 4 9 9 3 0 9 7 4 7 2 8 8 9 7 5 2 4
split_gain=1.34322e+06 4.61067e+06 3.54022e+06 2.95962e+06 4.50265e+06 108241 71572.4 1.14814e+06 283406 36284.2 16365.2 14741 8075.94 4941.72 272539 44678.8 5384.26 2173.52 11305.1 1247.43 133.876 2.8311 1.82291e-07
threshold=0 8.5000000000000018 1.0000000180025095e-35 2.5000000000000004 1.0000000180025095e-35 23.500000000000004 4.5000000000000009 1.5000000000000002 2.5000000000000004 1 2 1.0000000180025095e-35 3 5.5000000000000009 4 5 6 7 8.5000000000000018 8 9 10 28.500000000000004
decision_type=1 2 2 2 2 2 2 2 2 1 1 2 1 2 1 1 1 1 2 1 1 1 2
left_child=5 2 3 4 -2 13 8 -8 -4 19 12 -12 -11 17 15 -15 -16 18 -1 22 -19 -5 -7
right_child=1 -3 6 21 -6 9 7 -9 -10 10 11 -13 -14 14 16 -17 -18 20 -20 -21 -22 -23 -24
leaf_value=-0.078353213232572397 -0.10000179442499527 -5866.8592865553182 -0.10000179442499298 -14.62771828716312 -3691.5868504541513 -0.10001219478196664 -1794.283577580004 -276.49461569060912 -282.1543810539859 -196.70411246484841 -110.74510828621759 -219.21165603870182 -28.270435139895831 -114.05465571178019 -9.9033158481931629 -34.305764211054282 0.033442560984218397 0.18780687687436468 -3.9845454974538805 -69.954897626520491 -0.057828168854413886 -14.30136976593214 -0.10084578970715573
leaf_weight=43.836346035908548 0.0082175736170019258 0.0013636148360091074 0.03857594601868175 4.0126542448997498 0.0055262285459321001 0.0030005881562829009 0.0052391517383512092 0.1023169833351858 0.46553744719130918 0.0035604545610112841 0.021690972926079577 0.029665240968824943 0.014199284931237344 0.23956898602777651 0.5610349989992014 0.099398460144590306 19.444163455258579 14.662673051585434 8.9161281712236953 0.0028630783344851798 276.83903119533346 0.28468155115842808 0.020866047401796092
leaf_count=510399 458 158 2150 592 516 39 387 377 1318 150 999 1241 582 8049 19254 4347 500878 415634 56439 32 10528573 42 34
internal_value=0 -528.454 -512.349 -192.918 -14844.1 -2.65336 -2763.71 -3504.27 -2605.71 -1065.21 -1447.84 -1733.99 -620.378 -2.37403 -17.5184 -906.692 -2.45228 -1.47905 -7.38571 -75.8297 -0.410137 -146.061 -1.00741
internal_weight=0 4.92411 4.92275 4.31108 0.0137438 364.694 0.61167 0.107556 0.504113 0.0958457 0.069116 0.0513562 0.0177597 364.598 20.3442 0.338967 20.0052 344.254 52.7525 0.0267297 291.502 4.29734 0.0238666
internal_count=12052648 5998 5840 1608 974 12046650 4232 764 3468 3077 2972 2240 732 12043573 532528 12396 520132 11511045 566838 105 10944207 634 73
cat_boundaries=0 1 2 3 4 5 6 7 8 9 10 11
cat_threshold=1 2 2 2 8 2 2 2 1 512 2
shrinkage=0.1


Tree=2
num_leaves=28
num_cat=10
split_feature=8 9 7 4 4 4 9 1 4 2 9 4 4 9 9 9 4 9 9 4 7 5 3 7 9 3 0
split_gain=4397.96 884432 8.8038e+06 7.43181e+06 1.21411e+06 6106.12 3338.36 2229.06 3974.2 1700.2 5748.94 770.938 2012.7 1424.95 648.542 1810.21 604.225 992.427 537.74 469.373 1228.79 135.148 6.57389 43.1599 25.7501 4.98815e-09 3.46945e-18
threshold=0 8.5000000000000018 1 3.5000000000000004 1.5000000000000002 6.5000000000000009 3.5000000000000004 2 3.5000000000000004 3 1.0000000180025095e-35 24.500000000000004 27.500000000000004 8.5000000000000018 1.5000000000000002 2.5000000000000004 4.5000000000000009 13.500000000000002 1.0000000180025095e-35 8.5000000000000018 4 5 6 7 6.5000000000000009 8 9
decision_type=1 2 1 2 2 2 2 1 2 1 2 2 2 2 2 2 2 2 2 2 1 1 1 1 2 1 1
left_child=1 5 16 4 -4 22 -7 11 14 10 -10 19 -13 -14 26 -16 25 -18 -11 21 -21 -2 24 -24 -1 -3 -9
right_child=7 2 3 -5 -6 6 -8 8 9 18 -12 12 13 -15 15 -17 17 -19 -20 20 -22 -23 23 -25 -26 -27 -28
leaf_value=-0.033333560722282884 0.15228123387164147 -0.10008400951367419 -1312.895550848667 -9627.4741164225416 -3448.2539612688547 -24.691109515721482 -3.8016425624860193 -0.1000016246087214 -0.1000016246086334 97.67099890936619 307.8786500574758 -128.74466940081433 -81.717238534965716 -0.10085670925626614 72.79435380314645 11.102847204411155 -78.150235638955493 -9.1075963415054044 -0.1000016246086414 0.068112271389273671 -3.52385240543496 -0.060458577454230944 2.0541120808006332 -0.10510918240114178 0.9154707647769641 -0.10000009242497883 -0.10000162460868144
leaf_weight=8.9997490776284295 24.203871984167552 0.14424774702638388 0.011654518487066556 0.0013191550559450418 0.003451122000547536 0.15313985040122274 0.15287235823438369 0.02701485948637028 0.0011364424062776379 0.0010227981656498733 0.0012987913214601576 0.0015546022259473732 0.002450356085321972 0.016844287514686695 0.0054873933331691651 0.035705187437997665 0.0025624549334137816 0.011101842505298888 0.0012500866469054015 2.969646911080412 1.4020359140029697 274.06494369130712 0.092844886747945665 31.658997591946164 0.29542887016603003 0.0074491484674013 0.0025001732938108026
leaf_count=500616 653597 172 24291 4113 9438 12266 1866 1920 196 204 470 1102 1319 66 530 1564 218 813 434 70153 34274 10694104 750 2619 15874 19495 184
internal_value=0 -11.4957 -2212.39 -24293.5 -18007.5 -1.82062 -142.555 -0.522351 171.378 1061 1641.55 -0.565184 -192.852 -104.659 112.142 193.21 -19.1429 -220.551 438.969 -0.551937 -10.8386 -0.401167 -0.771426 -0.987954 -0.0317769 -1.0008 -1.00002
internal_weight=0 41.5348 0.181786 0.0164248 0.0151056 41.353 0.306012 302.737 0.0754157 0.00470812 0.00243523 302.661 0.0208492 0.0192946 0.0707076 0.0411926 0.165361 0.0136643 0.00227288 302.64 4.37168 298.269 41.047 31.7518 9.29518 0.151697 0.029515
internal_count=12052648 592531 58540 37842 33729 533991 14132 11460117 5502 1304 666 11454615 2487 1385 4198 2094 20698 1031 638 11452128 104427 11347701 519859 3369 516490 19667 2104
cat_boundaries=0 1 2 3 4 5 6 7 8 9 10
cat_threshold=2 8 1 2 1 1536 1 2 2 1
shrinkage=0.1


Tree=3
num_leaves=26
num_cat=15
split_feature=1 4 2 4 9 2 9 7 4 7 9 4 8 5 7 4 4 9 7 5 3 2 7 3 8
split_gain=12630.3 7.22475e+07 3.80179e+07 4.96031e+06 6.62976e+06 487092 2403.42 1100.65 838.095 721.974 1054.1 709.353 167.963 129.112 86.8196 759.439 55.7094 50.0349 28.2987 23.9802 22.5081 17.7046 10.5068 4.22485 7.17083e-13
threshold=0 3.5000000000000004 1 1.0000000180025095e-35 1.0000000180025095e-35 2 2.5000000000000004 3 8.5000000000000018 4 2.5000000000000004 14.500000000000002 5 6 7 14.500000000000002 9.5000000000000018 2.5000000000000004 8 9 10 11 12 13 14
decision_type=1 2 1 2 2 1 2 1 2 1 2 2 1 1 1 2 2 2 1 1 1 1 1 1 1
left_child=1 3 -3 6 24 -6 7 -1 13 10 16 -12 -8 17 15 -11 -10 20 -19 21 -2 -15 -21 -16 -5
right_child=8 2 -4 4 5 -7 12 -9 9 14 11 -13 -14 19 23 -17 -18 18 -20 22 -22 -23 -24 -25 -26
leaf_value=86.630541635228084 0.062831898725934518 -30264.925256524999 -5059.9084192852615 -0.10000146733042221 -2851.6782605493827 -4288.2789084212445 -0.53773303166699071 -0.10000147644637775 -2.1550530661729623 -0.1000068727646331 -12.909097827443663 -2.7754789181295441 15.81009313189332 0.054309896912730582 -0.10077658188677974 84.862695001434815 -1.2999789755852287 0.9558662474612204 0.31606385007703364 -0.11314017628501956 0.41365100965475171 -0.068396036667512941 -0.065064349729999305 0.13905856041718026 -0.10000415724740325
leaf_weight=0.0046119854167869781 22.107803159900776 0.0011696746865805796 0.0012253428367309241 0.011766657354202679 0.0054706546981010407 0.0041509462142926834 81.131370894610882 0.0021431343966459284 0.96707768916459602 0.0099109137901930797 0.13815399102260739 0.13815395563569899 0.0062853081690253934 30.951604096257682 1.1320365459514625 0.0011769871446703018 3.5920028416501566 0.75746472121839492 7.9157403369009218 60.533064705360644 1.9937523573260862 18.962388285507259 182.54762541936952 2.0914982094505552 0.0010821839441632628
leaf_count=663 540173 725 687 801 973 1149 537 311 668 9050 656 125 97 1242410 3576 1695 1902 13137 108353 212448 2484 876312 8937705 95956 55
internal_value=0 -14.5536 -173695 -9.42879 -14865 -34714.6 -5.31501 591.143 -0.645436 -10.7123 -18.4484 -78.4229 -5.36467 -0.396057 0.852183 89.1883 -14.8136 1.27171 3.7194 -0.605358 0.918527 0.0640962 -0.739925 0.548336 -1.00002
internal_weight=0 81.1693 0.00239502 81.1669 0.0224704 0.0096216 81.1444 0.00675512 333.839 8.07001 4.83539 0.276308 81.1377 325.769 3.23462 0.0110879 4.55908 32.7748 8.67321 292.995 24.1016 49.914 243.081 3.22353 0.0128488
internal_count=12052648 5998 1412 4586 2978 2122 1608 974 12046650 113628 3351 781 634 11933022 110277 10745 2570 664147 121490 11268875 542657 2118722 9150153 99532 856
cat_boundaries=0 1 2 3 4 5 6 7 8 9 10 11 12 13 14 15
cat_threshold=2 2 1 1 8 1 262656 4 4 3328 1 2 8 2 1
shrinkage=0.1


Tree=4
num_leaves=22
num_cat=12
split_feature=4 7 1 9 4 8 3 4 4 4 8 7 9 4 5 2 8 7 7 2 9
split_gain=896194 1.29981e+07 3172.19 7.17322e+06 4.33447e+07 27098.7 2624.9 386.923 274.341 289.619 246.406 50901.6 3552.84 201.371 103.521 31.4821 19.0134 6237.83 10.3776 4.09023 3.18691
threshold=14.500000000000002 0 1 1.5000000000000002 1.0000000180025095e-35 2 3 8.5000000000000018 24.500000000000004 30.500000000000004 4 5 3.5000000000000004 2.5000000000000004 6 7 8 9 10 11 2.5000000000000004
decision_type=2 1 1 2 2 1 1 2 2 2 1 1 2 2 1 1 1 1 1 1 2
left_child=2 -2 3 4 -1 19 -7 14 16 -10 12 -12 -9 -6 15 -4 20 -18 -16 -5 -3
right_child=1 8 7 5 13 6 -8 10 9 -11 11 -13 -14 -15 18 -17 17 -19 -20 -21 -22
leaf_value=-16140.853432590484 -985.58528244793729 -0.23735575877597559 0.094735749419773085 -0.34048069729373909 -0.10000147524811161 -49.716540818722308 -135.81948931873742 -0.23295445470559703 -29.062614395367348 -0.10070027002552986 0.034990082173355246 -116.98963806865559 -51.425881112860409 28.638429031229766 -0.11263811965478177 -0.03648184110387958 0.13560951432743826 -125.55725775441289 -0.062705494122412039 -0.41889383050198958 -0.68120317805808617
leaf_weight=0.00193919076536886 0.14314610517158699 1.4628458619117732 63.915189228053038 101.16101217269897 0.0081464689192216611 0.094345775898544981 0.003678643988678231 6.5055422815703396 0.0069056209176785732 0.0069056209176815162 2.9584306598044394 0.037641554448806125 0.0135850521753883 0.0034796611216734168 55.004932433729515 25.610970022606281 0.42408531802722849 0.0039854212474634814 171.07488701364471 7.1205070167779914 0.18188603714638427
leaf_count=766 1697 554 1775190 1803 1052 263 43 4657 1538 832 60690 29685 1059 1127 212448 1007679 9477 3291 8937705 919 173
internal_value=0 -637.728 -2.12529 -6.81018 -23000.8 -3.93213 -529.478 -0.563376 -5.34548 -145.817 -6.84618 -14.3526 -3.39634 85.0131 -0.373956 0.51451 -4.40951 -10.3462 -0.716833 -3.45637 -2.8644
internal_weight=0 2.22976 433.514 108.393 0.0135653 108.38 0.0980244 325.121 2.08661 0.0138112 9.5152 2.99607 6.51913 0.0116261 315.606 89.5262 2.0728 0.428071 226.08 108.282 1.64473
internal_count=12052648 17562 12035086 5973 2945 3028 306 12029113 15865 2370 96091 90375 5716 2179 11933022 2782869 13495 12768 9150153 2722 727
cat_boundaries=0 1 2 3 4 5 6 7 8 9 10 11 12
cat_threshold=4 2 1 1 2 1 265984 2 2 1 8 2
shrinkage=0.1


Tree=5
num_leaves=17
num_cat=8
split_feature=1 4 7 9 2 4 5 4 9 5 4 7 9 2 9 7
split_gain=1681.81 1.33069e+07 61127.5 5593.48 2105.99 642.09 105.514 245.833 193.61 27.7059 22.9051 43.1434 4.89233 1.31455 0.828966 0.107359
threshold=0 1.5000000000000002 1 2.5000000000000004 2 24.500000000000004 3 22.500000000000004 1.5000000000000002 4 5.5000000000000009 5 1.0000000180025095e-35 6 10.500000000000002 7
decision_type=1 2 1 2 1 2 1 2 2 1 2 1 2 1 2 1
left_child=1 3 4 -1 -3 6 7 9 -9 -2 12 -12 -8 15 -15 -5
right_child=5 2 -4 13 -6 -7 10 8 -10 -11 11 -13 -14 14 -16 -17
leaf_value=139.38154075103253 0.11320077803062933 -5057.6329955893607 -5927.9028039042878 -0.27099838418666211 -5230.3673151255571 -32.082323346883179 -0.087633970903850555 44.145016327052247 -0.10001520569853523 0.0035585214685702384 -0.3182626368168559 -0.036145118548636203 -0.055468322545873111 -0.3282355717574153 -0.23382558053244545 -0.27811740286686432
leaf_weight=0.002867762955843455 30.691103307969872 0.0012061216062835278 0.001602617370464964 28.093759685754776 0.0017016338203927894 0.0062535708313465879 77.610979719642529 0.002260140965517036 0.0017584949528100368 66.285617382666075 10.770746124380924 10.912909692224286 121.01871782886374 7.6263114809989911 1.0592099279165266 86.123492807149887
leaf_count=1483 458755 1057 1201 266 1144 2607 4460901 108 57 2353164 8191 344506 4418361 124 73 650
internal_value=0 -4.75286 -54320.2 -2.7596 -51587.2 -0.395831 -0.389516 0.465254 247.841 0.502979 -0.752733 -1.76279 -0.680365 -2.79218 -3.16722 -2.76366
internal_weight=0 122.91 0.00451037 122.906 0.00290776 317.3 317.294 96.9807 0.00401864 96.9767 220.313 21.6837 198.63 122.903 8.68552 114.217
internal_count=12052648 5998 3402 2596 2201 12046650 12044043 2812084 165 2811919 9231959 352697 8879262 1113 197 916
cat_boundaries=0 1 2 3 4 5 6 7 8
cat_threshold=2 1 2 265984 512 8 2 2
shrinkage=0.1


Tree=6
num_leaves=25
num_cat=13
split_feature=4 2 4 9 3 7 9 1 9 2 7 5 9 3 7 9 7 5 9 2 9 0 9 9
split_gain=4640.61 62812.4 36281.5 76730.7 35778.6 1763.76 16364.7 1227.05 1477.31 4161.4 1616.86 90.357 20.7286 47.5496 19.9486 44.6412 16.5585 16.3438 7.27434 0.501754 0.500606 0.0863261 1.53794e-07 7.58045e-13
threshold=22.500000000000004 0 23.500000000000004 1.5000000000000002 1 2 1.5000000000000002 3 3.5000000000000004 4 5 6 1.5000000000000002 7 8 152.50000000000003 9 10 1.0000000180025095e-35 11 10.500000000000002 12 12.500000000000002 2.5000000000000004
decision_type=2 1 2 2 1 1 2 1 2 1 1 1 2 1 1 2 1 1 2 1 2 1 2 2
left_child=7 5 3 4 -3 6 -2 8 9 10 -1 12 17 -14 15 -13 -11 -9 -16 21 -21 -10 -8 -5
right_child=1 2 -4 23 -6 -7 22 11 19 16 -12 14 13 -15 18 -17 -18 -19 -20 20 -22 -23 -24 -25
leaf_value=-3.4534541051047878 -364.91866032708833 -92.51860308854333 0.073305962459789167 -0.10000854177778706 -742.31117348481575 -0.24816562645740878 -0.10000589804271293 0.060038043164781091 -0.2351427123865901 -0.69078432012192703 -11.74506303692392 -0.12541016749678482 -0.027436151354229405 0.1854469154369518 -0.083611409303442255 -4.6165488680813134 -0.8746154124327602 -0.033717551933884718 -0.039042278303039003 -0.26437374671281405 -0.19344751029445573 -0.22815965649812109 -0.10104371118686095 -0.10000567645566741
leaf_weight=0.47035503387451166 0.0013705439414429038 0.0010820333045569177 0.0046683809381549398 0.0018521294805395885 0.0039072438085456622 0.24058261266441597 0.001657803444686713 21.127451774133021 23.463890075683594 6.5941480994224548 0.47035503387451166 54.717451553545928 17.965265173237903 25.222945283670789 61.01273263363683 0.022141068355664536 19.070143103599555 36.463574239082973 91.599969034760278 7.5256805419921857 1.1467769742012022 72.106490314006805 0.010296774726157308 0.0018411463119558035
leaf_count=404 283 21 2469 49 243 236 199 340957 305 557 1267 213429 7838 841417 4534043 1454 1951 1621707 4482207 382 154 974 20 82
internal_value=0 -133.263 -2247.43 -3456.21 -6013.9 -22.0965 -376.239 -1.45152 -4.01714 -10.6682 -75.9926 -0.362026 0.405023 0.968926 -0.71966 -1.27227 -8.27382 0.0524723 -0.568605 -2.31964 -2.54995 -2.29874 -1.009 -1.00007
internal_weight=0 0.267259 0.0133509 0.00868255 0.00498928 0.253908 0.0133251 438.979 130.848 26.605 0.94071 308.132 100.779 43.1882 207.352 54.7396 25.6643 57.591 152.613 104.243 8.67246 95.5704 0.0119546 0.00369328
internal_count=12052648 3602 2864 395 264 738 502 12049046 5994 4179 1671 12043052 2811919 849255 9231133 214883 2508 1962664 9016250 1815 536 1279 219 131
cat_boundaries=0 1 2 3 4 5 6 7 8 9 10 11 12 13
cat_threshold=1 2 1 2 1 2 265984 2 8 2 512 2 2
shrinkage=0.1


Tree=7
num_leaves=29
num_cat=14
split_feature=1 9 2 3 5 7 7 6 2 7 7 9 4 0 9 4 9 9 9 9 3 2 9 0 9 9 9 9
split_gain=992.275 1460.09 49530.5 42197.2 76.5151 20.2662 88.3103 19.8076 27.5568 29.677 19.3477 778.043 24.5888 15.3959 7.1285 6.8 10.7941 5.24091 4.43715 2.7082 2.36395 0.211686 0.382033 0.554727 0.0828618 0.17153 0.0176425 7.10543e-15
threshold=0 3.5000000000000004 1 2 3 4 5 6 7 8 9 151.50000000000003 5.5000000000000009 10 1.0000000180025095e-35 6.5000000000000009 1.5000000000000002 2.5000000000000004 8.5000000000000018 5.5000000000000009 11 12 10.500000000000002 13 6.5000000000000009 13.500000000000002 4.5000000000000009 8.5000000000000018
decision_type=1 2 1 1 1 1 1 1 1 1 1 2 2 1 2 2 2 2 2 2 1 1 2 1 2 2 2 2
left_child=1 2 3 -1 7 13 -7 15 9 -9 11 12 -6 -4 20 19 -17 -10 -16 -2 -12 24 27 -24 26 -26 -3 -23
right_child=4 21 5 -5 10 6 -8 8 17 -11 14 -13 -14 -15 18 16 -18 -19 -20 -21 -22 22 23 -25 25 -27 -28 -29
leaf_value=-6.4898581940050377 -0.057979961840116667 -0.20734406541244943 -0.99801414327906002 -140.48980403720716 -0.086933212136477173 -0.77113380422871047 -1.6030427211941238 -0.057580235834223725 -0.077752142907747054 0.1378984290493275 0.048931876663239754 -77.955384045114101 -0.25572900138541049 -0.56500420078964453 -0.0209559666007209 0.37755443508976366 -0.13809257156708962 0.033237936267933851 -0.068945620908772445 0.028741331779166171 -0.085367492725246436 -0.22618749775711283 -0.11019296620459691 -0.24887473681326064 -0.1950804071726947 -0.20725651715466295 -0.20346474126367464 -0.22618749775711261
leaf_weight=0.046987637877464287 26.84374981771208 21.722632870078087 0.96393007040023804 0.04701370151633455 38.72288864950778 16.588354468345642 1.3823628723621464 9.3530301000651743 11.560104710157047 45.783133617252666 1.3428528160805477 0.0012844333445859435 11.104991622845395 5.5425979048013687 59.457891520812694 0.96668409289825441 0.69986749786616875 6.7318984899381489 28.502892764499848 4.158973244419065 54.668209966727773 6.906168580055235 0.72107532620429982 0.48071688413619967 32.458432331681252 17.977858051657677 25.467530325055122 0.9865955114364624
leaf_count=85 887564 246 69 1587 204531 1685 267 28065 511411 1141282 35480 1553 8158 488 3943772 16703 5649 172666 528714 70205 4490897 348 20 134 489 212 333 35
internal_value=0 -3.63612 -10.5861 -735.084 -0.339694 -7.80375 -8.35127 0.338618 0.611281 1.04738 -0.692765 -1.26558 -1.24552 -6.29154 -0.542629 -0.273859 1.61009 -0.369051 -0.365066 -0.463464 -0.821477 -2.03598 -2.1819 -1.65666 -2.02239 -1.99421 -2.0525 -2.26187
internal_weight=0 131.292 24.5712 0.0940013 299.898 24.4772 17.9707 106.097 73.4282 55.1362 193.801 49.8292 49.8279 6.50653 143.972 32.6693 1.66655 18.292 87.9608 31.0027 56.0111 106.721 9.09456 1.20179 97.6265 50.4363 47.1902 7.89276
internal_count=12052648 5998 4181 1672 12046650 2509 1952 2833545 1853424 1169347 9213105 214242 212689 557 8998863 980121 22352 684077 4472486 957769 4526377 1817 537 154 1280 701 579 383
cat_boundaries=0 1 2 3 4 5 6 7 8 9 10 11 12 13 14
cat_threshold=2 1 2 17207040 2 1 23 2 8 8 2 2 2 2
shrinkage=0.1


Tree=8
num_leaves=27
num_cat=18
split_feature=1 9 7 5 4 7 0 7 3 4 9 4 2 4 9 7 3 3 9 7 3 2 2 7 3 0
split_gain=625.363 1001.75 124.822 64.599 248.522 45.1516 32.3732 28.3617 23.4109 21.8267 18.8041 17.07 19.7233 938.01 24.7424 11.7272 35.8565 0.364876 0.126823 0.311022 3.62692 0.165713 0.0801006 0.0299519 0.0034031 3.55271e-15
threshold=0 3.5000000000000004 1 2 23.500000000000004 3 4 5 6 5.5000000000000009 1.5000000000000002 5.5000000000000009 7 21.500000000000004 3.5000000000000004 8 9 10 8.5000000000000018 11 12 13 14 15 16 17
decision_type=1 2 1 1 2 1 1 1 1 2 2 2 1 2 2 1 1 1 2 1 1 1 1 1 1 1
left_child=1 2 17 11 7 6 -4 9 -7 -5 -9 15 13 -13 -14 24 -17 -1 21 20 -20 23 -21 -3 -2 -23
right_child=3 18 5 4 -6 8 -8 10 -10 -11 -12 12 14 -15 -16 16 -18 -19 19 22 -22 25 -24 -25 -26 -27
leaf_value=-2.3005776867719483 -0.10745705557801571 -0.18304410636373894 -0.61420750419178938 -0.080341963518409526 -25.017846493628024 -1.1084448373466429 -1.3722720166079367 -0.061315460550775885 -0.66015046033724145 -0.23073477145669341 0.00061838837598414973 0.44799961060127214 -0.22672804958296353 94.840114727017934 1.0922718808640226 0.063439256349791515 0.43949676394772691 -2.5195033446335686 0.21240810087868525 -0.18363048008873159 -0.17344855850472995 -0.20064318839480899 -0.21256465834861335 -0.18798517083051969 -0.10000878714783797 -0.20064318839480891
leaf_weight=0.091355212032794966 2.364725644595012 44.551857858896255 4.6265599583804544 44.968547233268609 0.0039868704535298552 10.484182359238321 0.64144833817789493 105.9809064611852 1.310522794723515 12.286883000773967 91.215210307520934 2.1334606964070462 0.93539773227711964 0.0010532953333631792 0.16771674747802512 29.97835614225729 2.7697271431534309 0.45677606038433888 0.24914687871932983 25.883997455239296 10.952211096882818 5.4999436140060416 0.9935071766376522 16.930383458733559 0.82829534943032879 1.4999846220016477
leaf_count=22 47 480 850 259229 3028 2630 111 7908345 198 11825 3405403 7983 3615 46 640 427693 1945 370 23 350 202 307 120 294 16851 41
internal_value=0 -2.98959 -9.97636 -0.312652 -0.491178 -9.49919 -7.06512 -0.506569 -10.5863 -1.12616 -0.326673 0.77451 3.17144 4.94578 -0.261882 0.774085 0.95245 -24.8302 -1.83492 -1.78866 -1.64866 -1.86065 -1.847 -1.84405 -1.05525 -2.00643
internal_weight=0 124.172 17.6108 293.634 254.456 17.0627 5.26801 254.452 11.7947 57.2554 197.196 39.1787 3.23763 2.13451 1.10311 35.9411 32.7481 0.548131 106.561 38.0789 11.2014 68.4822 26.8775 61.4822 3.19302 6.99993
internal_count=12052648 5998 4181 12046650 11587830 3789 961 11584802 2828 271054 11313748 458820 12284 8029 4255 446536 429638 392 1817 695 225 1122 470 774 16898 348
cat_boundaries=0 1 2 3 4 5 6 7 8 9 10 11 12 13 14 15 16 17 18
cat_threshold=2 4 512 2 1 8 1 2 8 1 2 2 2 2 2 1 2 1
shrinkage=0.1


Tree=9
num_leaves=29
num_cat=17
split_feature=1 9 7 7 4 2 4 9 0 9 3 5 3 4 2 6 2 9 7 9 9 3 2 2 9 7 9 0
split_gain=581.963 2222.64 2616.95 277.678 208.188 3447.63 5801.13 4480.57 173.866 132.548 132.525 59.329 38.1197 15.1967 35.6042 14.4317 19.3413 9.06694 8.71573 0.110518 0.306989 0.305948 0.101424 0.043828 0.0290393 0.0228686 2.2879e-07 3.55271e-15
threshold=0 3.5000000000000004 1 2 21.500000000000004 3 22.500000000000004 2.5000000000000004 4 3.5000000000000004 5 6 7 10.500000000000002 8 9 10 2.5000000000000004 11 8.5000000000000018 13.500000000000002 12 13 14 4.5000000000000009 15 19.500000000000004 16
decision_type=1 2 1 1 2 1 2 2 1 2 1 1 1 2 1 1 1 2 1 2 2 1 1 1 2 1 2 1
left_child=4 2 12 8 11 6 9 -8 -4 -6 -5 15 -2 18 -15 16 -1 -17 -13 22 21 -21 24 -22 -3 -7 -27 -24
right_child=1 19 3 10 5 25 7 -9 -10 -11 -12 13 -14 14 -16 17 -18 -19 -20 20 23 -23 27 -25 -26 26 -28 -29
leaf_value=0.092865885676288673 -18.13411957467363 -0.1725549706523766 -3.6626523475428261 -0.9511224747741317 -25.441425199537441 -0.23442300334093519 -322.40662213256053 -66.11919743412453 -0.78914493457740675 -0.10001030157647098 -2.3186994596923234 -0.10262969606884476 -24.683114890570391 -1.2166158695678759 -0.16531376742901577 -0.045439154099153736 -0.0358247140854 0.055696089490902656 -0.049826210384938341 -0.15896373682872944 -0.17265890401074105 -0.11149976693364161 -0.1823466960321411 -0.20269586345320054 -0.16795738504785354 -0.10000448555486824 -0.10087142232356572 -0.18234669603214099
leaf_weight=51.51063407277713 0.01109078712761402 21.199709996581078 0.22495352345307751 0.83564138412475586 0.0078922170996520227 0.24460940062999725 0.0012410542623578534 0.0015147110374003905 3.292379804600039 0.0027949527382036808 4.6603941922205401 41.028268426303384 0.044747819210446238 0.35829551298924622 3.1924459564703911 33.298015799131846 15.102743057529883 12.08060025804083 131.28367570445801 17.867407649755478 17.54833248257637 1.4697760194540048 5.4484510719776145 0.4996099472045924 39.032144412398338 0.0046490618533460157 0.0088179662852780893 1.4859412014484403
leaf_count=922178 22 246 111 198 383 189 2106 756 850 94 2630 213563 370 15913 23309 1112185 579677 197780 8977806 333 212 30 307 120 528 691 20 41
internal_value=0 -2.98733 -18.0044 -16.6674 -0.314912 -27.9921 -521.72 -1815.38 -9.72922 -188.14 -21.1077 -0.288806 -233.823 -0.630344 -2.71398 0.278898 0.553758 -0.151718 -0.62399 -1.68468 -1.64111 -1.55356 -1.70894 -1.7349 -1.69576 -2.27438 -1.00572 -1.82347
internal_weight=0 113.621 9.06921 9.01337 288.126 0.271519 0.0134429 0.00275577 3.51733 0.0106872 5.49604 287.855 0.0558386 175.863 3.55074 111.992 66.6134 45.3786 172.312 104.551 37.3851 19.3372 67.1662 18.0479 60.2319 0.258076 0.013467 6.93439
internal_count=12052648 5998 4181 3789 12046650 4239 3339 2862 961 477 2828 12042411 392 9230591 39222 2811820 1501855 1309965 9191369 1817 695 363 1122 332 774 900 711 348
cat_boundaries=0 1 2 3 4 5 6 7 8 9 10 11 12 13 14 15 16 17
cat_threshold=1 4 2 2 2 2 265984 2 1 480 2 8 1 2 2 2 1
shrinkage=0.1


Tree=10
num_leaves=23
num_cat=12
split_feature=1 9 7 3 4 2 0 7 5 8 3 0 6 4 9 9 9 9 9 7 9 9
split_gain=615.213 10885.3 14455.8 17978.5 338.108 31704.1 151.234 38.0448 37.0991 25.266 16.1487 21.4138 7.56204 6.9055 1.58312 13.3178 0.825504 2.33086 0.0753569 0.0130155 0.00195355 1.46739e-07
threshold=0 3.5000000000000004 1 2 21.500000000000004 3 4 5 6 7 8 9 10 5.5000000000000009 12.500000000000002 14.500000000000002 5.5000000000000009 4.5000000000000009 10.500000000000002 11 119.50000000000001 5.5000000000000009
decision_type=1 2 1 1 2 1 1 1 1 1 1 1 1 2 2 2 2 2 2 1 2 2
left_child=1 2 -1 -4 7 -6 -5 10 9 -9 13 -12 -10 -2 16 -16 17 -3 -18 -7 -17 -21
right_child=4 14 3 6 5 19 -8 8 12 -11 11 -13 -14 -15 15 20 18 -19 -20 21 -22 -23
leaf_value=-1.4206892836294831 -0.094996028781114655 -0.16192404934199703 -0.1051929559176879 -27.878405101413826 -355.97158122627945 -0.20633225812571579 -32.199358918451289 0.023643879816262134 -0.015263471553241684 0.30952619621480582 1.3193611738380269 0.059240979353574724 -0.078202105650394232 -0.18179031234862253 0.0478000270035722 -0.1610025968791251 -0.16324145292565884 -0.1125341646899653 -0.1509300304774823 -0.10000414243418621 -0.1639071426513479 -0.10075189868587647
leaf_weight=1.8303677399126173 38.679691272002259 23.132968470454216 0.37543210387229919 0.43200374402019287 0.0025290041080893518 0.24976453185081479 0.099693171679972811 118.62226070562465 56.022892006757615 3.1741670616690234 0.14090812639365247 3.1398344369255127 49.555489361228709 12.013852478107991 3.7911264747381237 12.472542598843573 37.00359034538269 16.279584556818008 5.7433858513832083 0.0038234286512523479 2.8435578048229209 0.0083683405737247068
leaf_count=138 1881 127 41 374 437 28 59 2205820 620978 72593 3032 72215 638986 94 27 69 223 97 34 184 20 22
internal_value=0 -3.14138 -65.3645 -168.588 -0.295349 -36.0328 -286.886 -0.261754 -0.0825916 0.287351 -1.0165 1.13363 -0.490152 -1.15565 -1.45933 -1.20006 -1.51962 -1.41523 -1.61587 -2.01408 -1.61542 -1.00517
internal_weight=0 104.004 2.7375 0.907129 281.614 0.264485 0.531697 281.349 227.375 121.796 53.9743 3.28074 105.578 50.6935 101.267 19.1072 82.1595 39.4126 42.747 0.261956 15.3161 0.0121918
internal_count=3617479 1209 612 474 3616270 671 433 3615599 3538377 2278413 77222 75247 1259964 1975 597 116 481 224 257 234 89 206
cat_boundaries=0 1 2 3 4 5 6 7 8 9 10 11 12
cat_threshold=2 2 2 2 1 8 19042050 1 2 2 992 2
shrinkage=0.1


Tree=11
num_leaves=27
num_cat=14
split_feature=1 9 0 7 4 2 3 9 5 4 9 4 6 3 7 7 9 9 9 9 7 8 2 9 2 9
split_gain=493.891 24129.2 37997.7 16039.1 139.378 486.825 4837.03 48221.1 46.0473 148.776 609.097 18.3274 16.9975 31.7114 10.9392 5.11291 5.01871 31.2078 0.963753 2.14035 1.31817 0.0477867 0.0339149 0.369292 0.00937038 0.00638004
threshold=0 3.5000000000000004 1 2 12.500000000000002 3 4 1.5000000000000002 5 9.5000000000000018 1.0000000180025095e-35 15.500000000000002 6 7 8 9 3.5000000000000004 4.5000000000000009 5.5000000000000009 4.5000000000000009 10 11 12 10.500000000000002 13 14.500000000000002
decision_type=1 2 1 1 2 1 1 2 1 2 2 2 1 1 1 1 2 2 2 2 1 1 1 2 1 2
left_child=1 2 3 -1 8 6 7 -6 9 14 -11 -8 13 -10 -2 -14 21 -18 19 24 -21 -7 25 -24 -3 -20
right_child=4 18 -4 -5 5 16 11 -9 12 10 -12 -13 15 -15 -16 -17 17 -19 22 20 -22 -23 23 -25 -26 -27
leaf_value=-4.8557795817208138 -0.12706960281314922 -0.15192846684238223 -507.59628750483182 -32.920224933362412 -653.35568251434802 -0.1000141329746686 1.8982588351823133 -17.535151734106385 -0.085588517184158733 8.646438632682429 0.052809314954983845 -0.17435913732461039 -0.09686576103435468 0.05502646167740749 0.067999929773814638 -0.0534257939145273 -3.8284929746107306 -0.10050453323717075 -0.1544525608004382 -0.087983950425916113 -0.15501644971278961 -0.14011672134366232 -0.15865835955133001 -0.09704627063296728 -0.15836214096749066 -0.15199127116594421
leaf_weight=0.5048933889169831 3.0852072782317852 19.572416394948959 0.0015763676492503978 0.34130188822761742 0.001224636378537979 0.36561906989300047 0.050043316927263597 0.045886003139461451 25.50179647284768 0.10289869862026436 0.41557882594497642 0.28933339084323961 34.489283607794469 43.217651748623645 42.149167653921459 126.37987858324223 0.026820644952638559 0.13795479108641676 39.179171621799483 11.91204997897148 3.8920972645282736 1.5864989981055262 4.6600852608680574 1.2295003086328504 2.5598893761634853 14.403443634510039
leaf_count=125 16229 103 56 386 22 9858 1119 46 49475 361 473 822 67349 884198 438086 2185636 475 1264 235 77 33 116 36 27 21 78
internal_value=0 -2.9125 -170.89 -161.752 -0.304025 -7.73196 -40.3686 -340.632 -0.236491 0.60728 17.5833 1.31262 -0.413097 0.0248291 0.546952 -0.590673 -1.7734 -7.07313 -1.45055 -1.32601 -1.04492 -1.32606 -1.52999 -1.45796 -1.52673 -1.53791
internal_weight=0 98.2564 0.847772 0.846195 277.845 2.50338 0.386487 0.0471106 275.341 45.7529 0.518478 0.339377 229.589 68.7194 45.2344 160.869 2.11689 0.164775 97.4087 37.9365 15.8041 1.95212 59.4722 5.88959 22.1323 53.5826
internal_count=3656706 1177 567 511 3655529 13722 2009 68 3641807 455149 834 1941 3186658 933673 454315 2252985 11713 1739 610 234 110 9974 376 63 124 313
cat_boundaries=0 1 2 3 4 5 6 7 8 9 10 11 12 13 14
cat_threshold=2 1 2 1 2 512 896 2 8 8 1 1 2 2
shrinkage=0.1


Tree=12
num_leaves=29
num_cat=18
split_feature=9 1 9 4 4 4 7 3 5 2 2 8 4 4 9 3 9 3 4 5 7 3 7 8 3 0 3 3
split_gain=270.641 96.1029 15575 92.9092 771.35 150.509 138.327 1402.15 36.4142 23.7696 18.1121 15.3089 10.861 9.75895 35.1635 7.67897 15.3989 7.40499 5.84607 4.66421 5.58095 62.743 0.659927 0.497696 0.40488 0.0278016 0.000102238 7.09317e-11
threshold=1.0000000180025095e-35 0 3.5000000000000004 1.0000000180025095e-35 1.5000000000000002 9.5000000000000018 1 2 3 4 5 6 4.5000000000000009 12.500000000000002 3.5000000000000004 7 8.5000000000000018 8 1.0000000180025095e-35 9 10 11 12 13 14 15 16 17
decision_type=2 1 2 2 2 2 1 1 1 1 1 1 2 2 2 1 2 1 2 1 1 1 1 1 1 1 1 1
left_child=3 8 -3 19 6 12 26 -8 10 -7 11 -2 -6 17 -15 16 -4 -10 -12 20 21 -1 27 -22 -24 -17 -5 -21
right_child=1 2 15 4 5 9 7 -9 13 -11 18 -13 -14 14 -16 25 -18 -19 -20 22 23 -23 24 -25 -26 -27 -28 -29
leaf_value=6.7333794444420834 0.22340199920515547 194.52138157568888 -0.14676872446714825 -0.10259762380080645 -0.064558255820323082 -0.29697378326626506 -1.0276279873938898 -10.776542316439686 -0.017475639653863572 -0.18047618959169609 0.19920079389437662 0.06116502525225799 0.045566173557766355 -0.11731214262423018 -2.2183144916056512 -0.14262223597709878 0.15452653727752577 -0.072673110012218489 -0.049369440975389957 -0.10000390582737771 0.013644540932786584 0.15501509533730984 -0.10209504879026982 -0.10155253378711107 -0.052547510066147995 -0.14682211940245074 -0.10000205160968612 -0.10000128262736692
leaf_weight=0.014633985127147753 6.5606177809570667 0.0041105483251432364 4.7702536880970001 1.1870565842837095 39.231262699102444 54.286812011840141 9.4865942174276636 0.14986153407698743 53.316794027137767 25.855778849518174 1.0021884749824455 51.263382900240011 11.604911379228751 0.5093190576962594 0.09442887020871582 20.84927025437355 2.6324054747819901 44.665050014299759 16.92489057069918 0.10376596303285623 6.1592526133517804 1.5685014971732014 2.231333632600581 0.39936103100262688 6.3219402670374603 64.587693601846695 0.1740001086709525 15.584902702596082
leaf_count=75 44017 304 27 63 651458 15399 206206 3227 675264 5663 24396 772031 142929 4652 1559 118 22 48868 378109 2904 95104 24250 1634 5480 153531 409 4015 395253
internal_value=0 -0.4653 -1.28713 -2.06691 -2.41554 -1.74013 -10.4595 -11.7924 -0.0276287 -2.59389 0.462413 0.795722 -0.39419 -0.409531 -4.45918 -1.37332 -0.396273 -0.426374 -0.354735 -0.538461 0.212307 2.15823 -0.621722 0.0663007 -0.654732 -1.45797 -1.02266 -1.00001
internal_weight=0 267.18 92.8437 174.36 141.976 130.979 10.9975 9.63646 174.337 80.1426 75.7511 57.824 50.8362 98.5856 0.603748 92.8396 7.40266 97.9818 17.9271 32.3837 8.14175 1.58314 24.2419 6.55861 8.55327 85.437 1.36106 15.6887
internal_count=3656967 1949776 880 1707191 1028960 815449 213511 209433 1948896 21062 1218553 816048 794387 730343 6211 576 49 724132 402505 678231 124909 24325 553322 100584 155165 527 4078 398157
cat_boundaries=0 1 2 3 4 5 6 7 8 9 10 11 12 13 14 15 16 17 18
cat_threshold=1 8 1 265984 2 2 2 2 1 2097664 2 2 1 1 2 2 2 2
shrinkage=0.1


Tree=13
num_leaves=23
num_cat=10
split_feature=1 9 4 6 9 8 5 4 2 5 3 7 9 9 4 9 9 3 9 2 9 9
split_gain=544.163 151883 260.938 21.1894 24.5833 35.8843 10.715 13.6455 9.79885 9.29698 7.01815 4.68278 4.67759 23.1524 3.66484 3.30231 1.51754 0.0378287 0.050312 0.0325983 0.444 0.00461301
threshold=0 3.5000000000000004 9.5000000000000018 1 2.5000000000000004 2 3 4.5000000000000009 4 5 6 7 3.5000000000000004 4.5000000000000009 14.500000000000002 3.5000000000000004 1.0000000180025095e-35 8 8.5000000000000018 9 10.500000000000002 4.5000000000000009
decision_type=1 2 2 1 2 1 1 2 1 1 1 1 2 2 2 2 2 1 2 1 2 2
left_child=1 -1 3 4 9 -6 7 -5 10 -2 15 -8 14 -14 -10 -4 -12 18 -3 21 -21 -19
right_child=2 17 8 6 5 -7 11 -9 12 -11 16 -13 13 -15 -16 -17 -18 19 -20 20 -22 -23
leaf_value=-82.883528209603227 0.023130632548472613 -0.1403917296860708 -0.1262377610465526 -0.020306429551471127 0.051242714724094834 0.45402401701354922 -0.10440611466099146 0.1378806709253125 -0.16972158335804244 -0.046794406317640286 -0.25559543443876603 -0.054695161720817669 -3.0098610801178789 -0.10024087284187883 0.17562208659988507 -0.49433500130490143 -0.10001692798197236 -0.13855547864827497 -0.15753799956801559 -0.14337039184419736 -0.076651579849204357 -0.14045748534325608
leaf_weight=0.22240127672931365 25.057860061729937 4.5020281076431274 5.9204756476628981 37.264812542254468 40.682037300272889 2.339079851374712 24.324933903405949 6.3879216974355506 25.250797150460791 41.226018051017931 54.560999610166647 85.752006982439639 0.034366770284602471 0.13390272643986653 0.31107839883406896 0.25418424302756643 0.63425144443362202 16.468411609530449 2.7607469707727432 6.5390070080757132 1.1769692599773405 56.49696771800518
leaf_count=520 352281 30 1395 516042 428503 13919 47722 26457 9564 709358 10555 1490323 435 958 1413 138 14460 104 20 66 28 353
internal_value=0 -3.48718 -0.707591 -0.210822 0.130797 0.731421 -0.433998 0.023122 -2.20779 -0.239301 -2.42497 -0.602105 -1.68978 -6.94491 -1.65519 -1.41391 -2.53808 -1.39997 -1.46909 -1.39375 -1.33193 -1.40028
internal_weight=0 88.1665 350.135 263.035 109.305 43.0211 153.73 43.6527 87.1001 66.2839 61.3699 110.077 25.7301 0.168269 25.5619 6.17466 55.1953 87.9441 7.26278 80.6814 7.71598 72.9654
internal_count=3624644 1121 3623523 3584605 1504061 442422 2080544 542499 38918 1061639 26548 1538045 12370 1393 10977 1533 25015 601 50 551 94 457
cat_boundaries=0 1 2 3 4 5 6 7 8 9 10
cat_threshold=2 904 1 17204737 2 2112016 2 8 2 2
shrinkage=0.1


Tree=14
num_leaves=25
num_cat=11
split_feature=1 9 4 7 4 5 7 9 4 3 7 7 2 9 4 4 9 4 2 9 3 9 9 7
split_gain=148.366 3750.06 6415.48 6896.7 185.104 26.7908 21.993 147.528 21.9477 18.8822 40.7721 7.48492 6.91394 5.64176 5.13114 2.96962 1.08045 0.963173 0.0444497 0.440265 0.0205175 0.0245705 0.00304635 1.55544e-05
threshold=0 3.5000000000000004 1.0000000180025095e-35 1 9.5000000000000018 2 3 2.5000000000000004 10.500000000000002 4 5 6 7 1.0000000180025095e-35 8.5000000000000018 14.500000000000002 1.0000000180025095e-35 5.5000000000000009 8 10.500000000000002 9 7.5000000000000009 4.5000000000000009 10
decision_type=1 2 2 1 2 1 1 2 2 1 1 1 1 2 2 2 2 2 1 2 1 2 2 1
left_child=1 2 3 -1 5 13 7 8 -6 10 -7 -11 16 17 -15 -14 -8 -2 20 23 21 -3 -22 -20
right_child=4 18 -4 -5 6 9 12 -9 -10 11 -12 -13 15 14 -16 -17 -18 -19 19 -21 22 -23 -24 -25
leaf_value=-36.139188871087853 -0.081847896517714555 -0.13510219191201475 1.1114755174459947 -8.0128352710363639 0.34647783550193501 0.46985815427197419 -0.21852821329136729 -7.1294657092097768 -0.12875776610188358 -0.11268086590996343 0.025180419401170676 -0.017504705523045075 -0.15823917676445548 -0.042703752055211028 0.26642492684729335 0.13470249003422727 -0.10012583565122245 -0.13857090048911211 -0.13778859649423858 -0.070429983503540516 -0.13356697996267547 -0.14731004451018168 -0.13516356016761663 -0.13745927151771214
leaf_weight=0.11309065669775098 37.469446046113497 3.6480397433042526 0.57074875057090724 0.38050070654158685 1.8446818292140967 2.1057590536494786 58.391870866053118 0.028463429542170959 2.0536772459745407 12.268312321722078 99.048583482646919 25.308389833980797 24.485806513306727 78.870478368140539 0.54063258886162557 0.35101034306357348 0.7810067544091045 3.253473601292618 2.1880034208297579 1.154067128896713 15.428618505597127 3.0081809759140015 53.017772927880287 4.1627668738365173
leaf_count=90 513773 24 356 55 77 53670 6917 75 167 448 2213965 19335 9217 916203 8100 1587 14982 26573 42 26 96 22 362 34
internal_value=0 -2.10577 -61.085 -144.571 -0.622189 -0.19638 -1.87567 0.437467 0.961211 0.111481 0.344374 -0.485785 -1.9838 -0.518055 -0.405992 -1.54099 -2.16965 -0.863797 -1.34586 -1.27248 -1.35319 -1.40619 -1.34804 -1.37573
internal_weight=0 83.6718 1.06434 0.493591 346.802 258.865 87.9365 3.92682 3.89836 138.731 101.154 37.5767 84.0097 120.134 79.4111 24.8368 59.1729 40.7229 82.6074 7.50484 75.1026 6.65622 68.4464 6.35077
internal_count=3786196 1107 501 145 3785089 3752067 33022 319 244 2287418 2267635 19783 32703 1464649 924303 10804 21899 540346 606 102 504 46 458 76
cat_boundaries=0 1 2 3 4 5 6 7 8 9 10 11
cat_threshold=2 1 11034862 8 1 8 8 2 2 2 1
shrinkage=0.1


Tree=15
num_leaves=22
num_cat=14
split_feature=1 8 9 3 4 6 9 3 5 4 5 9 7 7 2 3 4 2 9 3 3
split_gain=491.911 305954 17163.8 4.99307e+06 168.95 17.9657 18.4546 20.0432 8.45198 7.84938 7.66183 6.32132 189.855 3.69297 3.34646 2.80786 2.61945 0.0517721 0.438986 0.0137078 2.05123e-06
threshold=0 1 3.5000000000000004 2 9.5000000000000018 3 2.5000000000000004 4 5 4.5000000000000009 6 3.5000000000000004 7 8 9 10 14.500000000000002 11 10.500000000000002 12 13
decision_type=1 1 2 1 2 1 2 1 1 2 1 2 1 1 1 1 2 1 2 1 1
left_child=1 2 3 -1 5 6 10 -8 9 -7 -2 14 -13 -10 15 -6 -16 19 -19 -4 -14
right_child=4 -3 17 -5 11 8 7 -9 13 -11 -12 12 20 -15 16 -17 -18 18 -20 -21 -22
leaf_value=-2.3712795245647764 0.020628755876460819 -1224.3677629149629 -0.13532746849748803 -4433.9225362714151 -0.1218125382862026 -0.019578937475787588 -0.012841597648184586 0.12046044397119574 -0.0998362644469553 0.089156644294334203 -0.043076630056896006 -10.247130586496425 -0.10050243998663773 -0.052503780165716933 -0.14944691780522379 -0.19598032559954859 0.12473475375263537 -0.13274457516219468 -0.064767728895028506 -0.13041911619612542 -0.1000447750320743
leaf_weight=1.0784884542689532 25.791376325524929 0.0020420197324700897 6.2458913028240204 0.0025484770477485199 5.5998683232301127 40.778735483377666 20.009635149353546 25.853433037851868 21.085035743080653 7.9298191389028991 38.042526622217771 0.019326365785673261 0.16889615745845743 75.536635846097226 23.327873184360215 57.690265203196766 0.35372843000092302 5.9444823414087429 1.1307147741317747 63.906225308775888 0.23307270068822961
leaf_count=33 380800 55 39 512 1431 560275 13858 510353 52490 29907 685786 39 165 1357935 7872 16258 1451 69 22 439 4515
internal_value=0 -3.37114 -3.05195 -128.184 -0.592985 -0.181794 0.127504 0.62302 -0.39673 -0.0155698 -0.208538 -1.79291 -5.65713 -0.569397 -1.77419 -1.89418 -1.45352 -1.30034 -1.21881 -1.30856 -1.00237
internal_weight=0 78.3104 78.3084 1.08104 342.42 255.027 109.697 45.8631 145.33 48.7086 63.8339 87.393 0.421295 96.6217 86.9717 63.2901 23.6816 77.2273 7.0752 70.1521 0.401969
internal_count=3624304 1169 1114 545 3623135 3591404 1590797 524211 2000607 590182 1066586 31731 4719 1410425 27012 17689 9323 569 91 478 4680
cat_boundaries=0 1 2 3 4 5 6 7 8 9 10 11 12 13 14
cat_threshold=2 1 2 904 2 29853185 2112016 8 8 2 2 2 2 2
shrinkage=0.1


Tree=16
num_leaves=28
num_cat=15
split_feature=4 1 9 7 6 2 9 2 7 3 3 9 2 2 4 4 9 9 3 4 9 4 7 3 7 9 3
split_gain=104.562 92.1731 2908.09 19.2063 23.7302 14.162 11.7873 177.157 5972.72 10.0996 6.91212 3.75464 3.50973 2.3648 2.66226 28.9385 0.938513 7.18435 0.824033 0.095444 0.0356049 0.0333189 0.0256178 0.0228495 0.012319 0.00237745 2.39534e-07
threshold=9.5000000000000018 0 3.5000000000000004 1 2 3 1.0000000180025095e-35 4 5 6 7 6.5000000000000009 8 9 14.500000000000002 15.500000000000002 6.5000000000000009 7.5000000000000009 10 14.500000000000002 1.5000000000000002 12.500000000000002 11 12 13 4.5000000000000009 14
decision_type=2 1 2 1 1 1 2 1 1 1 1 2 1 1 2 2 2 2 1 2 2 2 1 1 1 2 1
left_child=1 2 -1 9 5 -5 13 19 26 12 -6 -11 -3 18 23 -16 25 -18 21 20 -8 -2 -20 -15 -21 -4 -9
right_child=6 3 16 4 10 -7 7 8 -10 11 -12 -13 -14 14 15 -17 17 -19 22 24 -22 -23 -24 -25 -26 -27 -28
leaf_value=-12.276049573162327 -0.17924617079115937 -0.086923941271572644 -0.12608093928067049 0.03642392463761053 0.022867764554143969 -0.041084233457504372 -0.082689348506364654 -0.10034105218405527 -77.24187738495317 0.022781531927272346 -0.065503625890560899 0.31934505594646911 -0.16350970118309971 -0.14267144792323591 2.9727119273818068 -0.18968075710683133 -0.013422259580408638 -0.12522040028801462 -0.13657697628137555 -0.10005995846271956 -0.1104252886682498 -0.10000461551479062 -0.11838035722563844 -0.11759943489866623 -0.14163655569234704 -0.1277472421010086 -0.10004285651609057
leaf_weight=0.19717788628149333 56.597414130385019 25.3176000321331 16.068148866295815 103.59516225279198 10.141265947465925 30.518603479141447 1.3551328647245178 0.02978367775300432 0.010370653122663498 4.0719890530976963 69.561919675385937 0.47690500419266418 7.8358005107729687 21.650961997225721 0.032544162997509285 0.26102636289942893 7.0868867337703696 30.425405040383339 1.3945979391846768 0.081663132009367603 0.70290074970418448 0.05311195575632055 1.7377027571201324 0.36970197644951136 0.55969820934296877 18.330979824066162 0.28193313866735986
leaf_count=548 1913 1759 129 1626385 15270 595363 2751 128 753 87615 1292493 10149 185 2717 394 326 58 256 830 1566 7111 1192 49 34 294 160 4683
internal_value=0 -0.486213 -1.48293 -0.200462 -0.0844246 0.174828 -1.73181 -3.67158 -25.839 -0.858534 -0.482107 0.538732 -1.05025 -1.66042 -1.38262 1.60891 -1.15039 -1.04099 -1.76411 -1.02659 -0.921623 -1.79172 -1.26482 -1.42251 -1.36343 -1.26969 -1.00071
internal_weight=0 323.628 72.1086 251.519 213.817 134.114 85.1185 3.02148 0.322087 37.7023 79.7032 4.54889 33.1534 82.0971 22.3142 0.293571 71.9114 37.5123 59.7828 2.69939 2.05803 56.6505 3.1323 22.0207 0.641361 34.3991 0.311717
internal_count=3655111 3630370 1151 3629219 3529511 2221748 24741 17286 5564 99708 1307763 97764 1944 7455 3471 720 603 314 3984 11722 9862 3105 879 2751 1860 289 4811
cat_boundaries=0 1 2 3 4 5 6 7 8 9 10 11 12 13 14 15
cat_threshold=2 8 992 2 2 1 2 2 2 2 1 1 1 1 2
shrinkage=0.1


Tree=17
num_leaves=31
num_cat=15
split_feature=4 4 3 7 9 1 7 6 3 2 2 3 7 9 4 3 4 4 9 9 9 9 4 2 7 9 4 7 8 9
split_gain=96.9658 58.9853 72.6622 270.143 619.376 51.1099 18.1954 19.5475 9.23938 4.19872 1.48639 1.46662 7.21447 1.44818 1.3151 1.29041 0.902401 0.718447 1.12556 0.171028 0.136353 0.0790259 0.115233 0.0736823 0.0286373 0.0253577 0.0221344 0.0174167 0.0173 5.21221e-11
threshold=9.5000000000000018 7.5000000000000009 0 1 2.5000000000000004 2 3 4 5 6 7 8 9 5.5000000000000009 14.500000000000002 10 15.500000000000002 8.5000000000000018 1.0000000180025095e-35 1.0000000180025095e-35 1.0000000180025095e-35 1.0000000180025095e-35 10.500000000000002 11 12 1.0000000180025095e-35 12.500000000000002 13 14 3.5000000000000004
decision_type=2 2 1 1 2 1 1 1 1 1 1 1 1 2 2 1 2 2 2 2 2 2 2 1 1 2 2 1 1 2
left_child=1 5 17 9 -5 11 8 -8 -7 -4 15 12 -1 -13 24 21 20 23 -19 26 -16 27 -23 -3 25 -12 -17 -2 -18 -21
right_child=10 2 3 4 -6 6 7 -9 -10 -11 14 13 -14 -15 16 19 28 18 -20 29 -22 22 -24 -25 -26 -27 -28 -29 -30 -31
leaf_value=-0.51777166592500989 -0.13194042262872982 -0.1013009633015084 0.21280496986272091 -0.1000201948026893 6.3723861686173535 -0.1044204969053228 -0.051436441884578459 0.01403168357001229 0.044804388968289054 -0.1000166430868243 -0.13591330153604839 -0.09046779847953107 -0.1269336754601384 -0.12192998558184731 0.05857949546104313 -0.16595083212826009 -0.17753888801796611 0.10440872987988802 -0.10517333674703307 -0.10000989899144118 -0.10007765333747393 -0.079214869762568613 -0.12657620006574857 -0.14458127333055823 -0.1701493244075071 -0.10006651316262863 -0.10000398167234092 -0.11636586343676805 -0.10001246725387225 -0.10001238029518478
leaf_weight=0.52026378852679045 1.3037787850562372 0.73870674005956971 1.5983070248257851 0.36787466014720799 0.24720215499699888 29.298569401598627 53.219176493939898 154.8285079686186 4.8336949216043683 0.58651487598286434 20.806581784965619 23.929118946194642 5.1221404724316288 37.64707812666893 0.62791419168934093 55.094316155085842 0.24599856138229367 0.43964568154115113 0.61428536750463536 0.27449266588428406 0.059282611405933487 1.2918077608865135 0.8528987446894688 0.84137683988932821 0.24230536818504944 0.19922653889016476 0.050942564434079851 1.5981559082865715 0.032598000520963323 0.12240950962387476
leaf_count=21 814 1731 25803 7490 3897 1934 919131 2542010 99133 13322 2320 693 69 326 396 1905 35 442 436 6787 392 202 448 322 1084 3734 1254 63 791 3445
internal_value=0 -0.312918 2.95322 6.50002 25.0127 -0.37028 -0.156154 -0.0451314 -0.832878 1.28828 -1.52907 -1.14175 -1.62971 -1.09703 -1.3078 -1.6102 -0.166542 -0.816938 -0.177465 -1.65419 0.448926 -1.12605 -0.980493 -1.24347 -1.35968 -1.35573 -1.6589 -1.23363 -1.68468 -1.00011
internal_weight=0 314.832 5.43391 2.7999 0.615077 309.399 242.18 208.048 34.1323 2.18482 82.8027 67.2186 5.6424 61.5762 22.2139 60.5888 0.965793 2.63401 1.05393 55.5422 0.687197 5.04664 2.14471 1.58008 21.2481 21.0058 55.1453 2.90193 0.278597 0.396902
internal_count=3640430 3616760 53443 50512 11387 3563317 3562208 3461141 101067 39125 23670 1109 90 1019 8752 14918 1614 2931 878 13391 788 1527 650 2053 7138 6054 3159 877 826 10232
cat_boundaries=0 1 2 3 4 5 6 7 8 9 10 11 12 13 14 15
cat_threshold=2 1 2 8 23 2 2 2 2 2 2 2 1 1 2
shrinkage=0.1


Tree=18
num_leaves=30
num_cat=17
split_feature=4 1 9 3 5 3 9 3 7 4 7 9 9 2 4 4 4 8 2 2 3 9 7 9 2 2 4 2 3
split_gain=85.7598 73.7131 23.1041 379.143 19.3988 14.4644 33.7475 12.8334 7.70061 4.40052 9.04523 3.88844 2.92721 2.84672 2.84096 1.42082 1.21184 0.892638 0.731646 0.664367 0.865976 0.660414 0.395453 0.344192 0.12823 0.0347532 0.0316242 0.000622139 2.84402e-05
threshold=7.5000000000000009 0 4.5000000000000009 1 2 3 9.5000000000000018 4 5 9.5000000000000018 6 4.5000000000000009 1.0000000180025095e-35 7 4.5000000000000009 8.5000000000000018 12.500000000000002 8 9 10 11 1.5000000000000002 12 1.0000000180025095e-35 13 14 10.500000000000002 15 16
decision_type=2 1 2 1 1 1 2 1 1 2 1 2 2 1 2 2 2 1 1 1 1 2 1 2 1 1 2 1 1
left_child=1 2 3 27 12 8 -7 -4 -6 10 11 13 18 -2 -14 22 19 25 -3 20 -11 -17 -12 -19 -9 -18 -21 -1 -13
right_child=9 4 7 -5 5 6 -8 24 -10 16 15 28 14 -15 -16 21 17 23 -20 26 -22 -23 -24 -25 -26 -27 -28 -29 -30
leaf_value=-0.12291251981085582 -0.10000926239277796 -0.07021198264608855 0.060663933458307708 -2.3574224743994523 -0.11955626743580755 0.012200377096282028 0.23694798035799269 -0.1215241693987015 -0.017458166411759454 -0.10555668175175562 -0.11510116668368829 -0.10105968297957822 -0.032316174377199434 0.18253749272755843 -0.092150106244301255 0.095938400540431304 -0.12219273328036664 0.031175012599112789 -0.10511165579422495 -0.12741997313448414 -0.15528718665887917 -0.10965368101201625 -0.12864184858468269 -0.10004929727057531 -0.10317184435969565 -0.16492551042965042 -0.13551808570687116 -0.12075959795580334 -0.10003829637351778
leaf_weight=1.5166315585374899 0.4465803932323848 19.668677197547279 4.3263120129704475 0.80427509335809755 10.253070850585544 107.83248542893212 7.1224500829114694 40.094343826174736 26.430973940383161 3.7479513796988613 66.167839308225339 0.71483850641379831 50.030811266472924 1.769486943953934 9.4313481052726171 0.44999579340219958 0.93899268178617701 0.75869694129323584 8.6482782189919245 11.619864350710026 53.260756055058671 0.23934866487980749 31.998478053692352 0.27137630711365424 4.206662341952323 0.2386930137872697 8.243248030780931 11.673158138990402 0.44067672543863368
leaf_count=239 10304 306929 43 51 543 2255727 172284 353 23274 734 7190 243 575744 26443 64418 1000 128 3347 142339 2171 8283 579 3171 4543 79 95 1782 391 5819
internal_value=0 -0.397166 -1.36312 -2.4954 -0.144514 0.0814155 0.261254 -1.03727 -0.459943 -1.26719 -1.13017 0.480515 -0.488439 1.25599 -0.418065 -1.1851 -1.44432 -0.713861 -0.808707 -1.4653 -1.52018 0.245544 -1.19515 -0.0339648 -1.19781 -1.30854 -1.30781 -1.21007 -1.0067
internal_weight=0 302.039 62.6214 13.9941 239.418 151.639 114.955 48.6273 36.684 181.307 102.227 3.37158 87.7791 2.21607 59.4622 98.8557 79.0796 2.20776 28.317 76.8718 57.0087 0.689344 98.1663 1.03007 44.301 1.17769 19.8631 13.1898 1.15552
internal_count=3618246 3542414 1156 681 3541258 2451828 2428011 475 23817 75832 54749 42809 1089430 36747 640162 11940 21083 8113 449268 12970 9017 1579 10361 7890 432 223 3953 630 6062
cat_boundaries=0 1 2 3 4 5 6 7 8 9 10 11 12 13 14 15 16 17
cat_threshold=2 1 11034830 2 2 8 1 1 2 2 2 2 2 2 2 1 2
shrinkage=0.1


Tree=19
num_leaves=17
num_cat=7
split_feature=4 4 1 3 9 6 3 4 4 9 7 9 4 2 9 2
split_gain=264.58 69.9608 90.0687 67.5282 3009.51 16.7395 21.1738 5.06466 55.4045 81.2367 5.3578 3.29898 1.32953 0.872608 0.571993 0.098473
threshold=22.500000000000004 7.5000000000000009 0 1 4.5000000000000009 2 3 9.5000000000000018 8.5000000000000018 2.5000000000000004 4 1.5000000000000002 14.500000000000002 5 1.0000000180025095e-35 6
decision_type=2 2 1 1 2 1 1 2 2 2 1 2 2 1 2 1
left_child=1 2 3 4 -1 11 -7 8 10 -10 -3 -4 14 -14 -9 -5
right_child=-2 7 5 15 -6 6 -8 12 9 -11 -12 -13 13 -15 -16 -17
leaf_value=-17.260461191434413 3.3282214122370157 0.04459935410601025 -0.077733874751536008 -0.11891426131423306 -0.12575649232263975 0.030997428044252165 -0.042663859926590567 -0.14085625713278407 0.016434638551351476 1.374308646744772 -0.11805924552436796 -0.029056369536175044 -0.11969679679230916 0.030590248770402374 -0.087772052904062148 -0.10461549922555378
leaf_weight=0.10490086330318504 0.22967993047040991 2.0717193481177851 37.727087653578451 47.751697465777397 4.4871003329753876 119.07749637218771 58.044694680747142 71.125892009751638 1.5845572849530039 0.61027744050443533 89.863467571800257 22.065770963952062 0.7838530007838368 0.76184386655104464 2.0894631412750746 5.356661155819892
leaf_count=40 471 23807 754568 731 35 2417447 83027 5033 17254 5130 9651 289366 1921 1482 9578 287
internal_value=0 -0.666599 -0.372445 -1.49283 -5.17186 -0.0995774 0.064914 -1.17973 -1.0254 3.93994 -1.14394 -0.512062 -1.37404 -0.456232 -1.39341 -1.17472
internal_weight=0 463.506 294.615 57.7004 4.592 236.915 177.122 168.891 94.13 2.19483 91.9352 59.7929 74.7611 1.5457 73.2154 53.1084
internal_count=3619828 3619357 3545501 1093 75 3544408 2500474 73856 55842 22384 33458 1043934 18014 3403 14611 1018
cat_boundaries=0 1 2 3 4 5 6 7
cat_threshold=2 2 15 1 1 2 2
shrinkage=0.1


Tree=20
num_leaves=26
num_cat=9
split_feature=4 1 3 9 7 8 9 2 9 7 5 4 8 3 9 4 4 4 9 4 4 9 4 9 9
split_gain=70.0033 47.741 21.4721 1642.09 20.2663 85.6396 53.5607 13.8427 33.5604 13.8139 16.7214 15.004 13.176 8.16242 6.23324 2.234 2.12443 2.07726 7.79726 1.90511 0.789469 0.533877 0.134557 0.00241642 0.000817593
threshold=7.5000000000000009 0 1 3.5000000000000004 2 3 2.5000000000000004 4 4.5000000000000009 5 6 5.5000000000000009 7 8 1.5000000000000002 5.5000000000000009 3.5000000000000004 9.5000000000000018 2.5000000000000004 14.500000000000002 9.5000000000000018 1.5000000000000002 10.500000000000002 7.5000000000000009 14.500000000000002
decision_type=2 1 1 2 1 1 2 1 2 1 1 2 1 1 2 2 2 2 2 2 2 2 2 2 2
left_child=1 2 7 -4 5 20 -7 24 -9 13 11 -11 17 15 -12 -3 -15 18 -6 -19 21 -2 -22 -5 -1
right_child=4 9 3 23 12 6 -8 8 -10 10 14 -13 -14 16 -16 -17 -18 19 -20 -21 22 -23 -24 -25 -26
leaf_value=-0.11698276996527757 0.078797504411051683 -0.08630051889774025 -18.795828548770515 -0.1201516825406946 0.069433749777746856 1.8868888418876226 -0.13637630275512497 0.49471167539763761 -0.094983488483102854 0.0096300363230661813 -0.071710261836338218 0.13950932285102924 -1.6351961367448167 0.069405253169140674 -0.013215901927807772 -0.16409352147400469 -0.100043989642238 -0.13516354592736304 -0.11483315514177753 0.012810054412399512 -0.078043967592968527 -0.10879534112156385 -0.11952533156843775 -0.12498607935252598 -0.11580079670185972
leaf_weight=36.99897205084563 0.48147395998239551 19.6906400674597 0.047633805562784633 1.9361197698089221 2.3604071528242931 0.39524003863334634 0.19558733701705949 1.3051401525735844 3.7042318433523178 123.18905180212511 38.576907977018728 9.5867899862297445 0.057415704385447408 4.131932534253794 34.51798628084665 4.5432393811643115 0.90126670153790722 66.463170074344561 84.683619127146812 0.88160675728842253 1.6627972945570948 0.2215011939406395 1.4762517820345236 2.2187995910644531 6.9518234208226195
leaf_count=660 76 1885 42 23 39726 202 62 216 71 1997428 725544 104269 892 91116 651041 37 12328 12713 16381 3541 52 71 142 22 67
internal_value=0 -0.318824 -1.17464 -3.34383 -1.14552 0.962632 12.1711 -0.988445 0.586555 -0.125331 -0.0339429 0.176764 -1.20602 -0.768173 -0.387815 -1.00885 0.390629 -1.20039 -1.09836 -1.33226 -0.761005 0.196887 -0.975521 -1.22733 -1.16796
internal_weight=0 288.301 53.1627 4.20255 158.879 4.43285 0.590827 48.9602 5.00937 235.138 205.871 132.776 154.446 29.2671 73.0949 24.2339 5.0332 154.389 87.044 67.3448 3.84202 0.702975 3.13905 4.15492 43.9508
internal_count=3658607 3584749 1101 87 73858 605 264 1014 287 3583648 3478282 2101697 73253 105366 1376585 1922 103444 72361 56107 16254 341 147 194 45 727
cat_boundaries=0 1 2 3 4 5 6 7 8 9
cat_threshold=2 1 8 2 2 8 17964818 1 2
shrinkage=0.1


Tree=21
num_leaves=29
num_cat=15
split_feature=4 6 3 7 4 2 1 7 9 9 9 3 4 7 9 2 7 4 7 4 4 2 9 9 2 9 3 3
split_gain=78.9218 30.8218 27.1149 47.6408 379.863 18.3594 10.4383 6.10362 14.5205 5.96299 3.55144 3.22715 1.34816 5.96246 2.9467 1.50821 1.39066 1.25538 1.59301 1.13882 0.753111 0.698463 0.472078 0.444019 0.114167 0.784544 0.0079176 0.000321834
threshold=7.5000000000000009 0 1 2 4.5000000000000009 3 4 5 6.5000000000000009 3.5000000000000004 11.500000000000002 6 9.5000000000000018 7 4.5000000000000009 8 9 8.5000000000000018 10 14.500000000000002 5.5000000000000009 11 1.0000000180025095e-35 1.5000000000000002 12 10.500000000000002 13 14
decision_type=2 1 1 1 2 1 1 1 2 2 2 1 2 1 2 1 1 2 1 2 2 1 2 2 1 2 1 1
left_child=1 2 7 4 -4 -5 24 20 -9 11 -11 -8 13 14 15 -2 -14 18 -15 22 -1 -21 -18 -19 26 -26 -3 -16
right_child=12 6 3 5 -6 -7 9 8 -10 10 -12 -13 16 17 27 -17 19 23 -20 21 -22 -23 -24 -25 25 -27 -28 -29
leaf_value=-0.10144280974108895 0.083595071628478318 -0.12040436745311678 0.14188858857036779 -0.051208983563539978 5.452538083686866 0.04156764087235354 -0.074120347620519375 0.049384225589196314 -0.087399496743688784 0.029475025955969882 -0.059872801522210445 -0.0038725100555760876 -0.39926828053766023 -0.27969265207570143 -0.1000723466557023 -0.10001993352779702 -0.13017032771388112 0.06758161796812838 -0.11531095581346294 -0.11568823881551796 -0.15827606439787462 0.022104445662983183 -0.079066975856252997 -0.10788951799960503 -0.1208051957496489 -0.013255013566920921 -0.11495546005782231 -0.10269716939517204
leaf_weight=12.842919272058252 2.7225764612554872 2.9288635372604648 2.0669651920247829 28.023522750193475 0.14407738854572372 89.293709885272534 50.224624914878753 12.427278650583473 20.668481868631858 12.927759886569413 6.7828627988669501 7.5186219364643625 0.18772886693888435 0.59422460198402427 0.76608329762465499 0.53530197372132171 62.783084476332085 0.50393496453761921 74.766550765278254 0.67092476519500888 2.8487887978553781 0.81440497805446976 1.861239915125515 0.20201915875077281 3.1368616297841063 0.86536963284015644 29.792526766657833 1.1970019361033335
leaf_count=1289 31942 48 39329 547919 2398 1615370 1042471 69921 5060 146498 64756 11460 2144 183 5488 10498 3365 989 9322 1821 33 1465 7174 537 240 23 547 241
internal_value=0 -0.266754 0.0229435 0.280732 4.87945 0.194061 -0.639788 -0.60393 -0.36038 -0.487625 -0.0127154 -0.649735 -1.16901 -1.08268 -0.0489169 0.534253 -1.27481 -1.15364 -1.16607 -1.2671 -1.11761 -0.401366 -1.28699 0.17368 -1.13493 -0.975505 -1.15443 -1.01673
internal_weight=0 282.493 168.316 119.528 2.21104 117.317 114.177 48.7875 33.0958 77.4539 19.7106 57.7432 147.605 81.2877 5.22096 3.25788 66.3174 76.0667 75.3608 66.1297 15.6917 1.48533 64.6443 0.705954 36.7236 4.00223 32.7214 1.96309
internal_count=3622531 3547362 2281319 2205016 41727 2163289 1266043 76303 74981 1265185 211254 1053931 75169 59200 48169 42440 15969 11031 9505 13825 1322 3286 10539 1526 858 263 595 5729
cat_boundaries=0 1 2 3 4 5 6 7 8 9 10 11 12 13 14 15
cat_threshold=992 2 8 1 2 8 1 1 2 2 8 2 2 2 1
shrinkage=0.1


end of trees

feature importances:
adm_past_year=146
count_proc=112
pat_remoteness=75
cc_Tetplg_prplg_dplg_hmplg_dt=61
flag_emergency=57
an100mdc_ra=24
cc_Spina_bifida=22
indstat_flag=19
cc_Depression=14
agegroup_rm=10

parameters:
[boosting: goss]
[objective: cross_entropy]
[metric: cross_entropy]
[tree_learner: serial]
[device_type: cpu]
[data: ]
[valid: ]
[num_iterations: 100]
[learning_rate: 0.1]
[num_leaves: 32]
[num_threads: 4]
[max_depth: 5]
[min_data_in_leaf: 20]
[min_sum_hessian_in_leaf: 0.001]
[bagging_fraction: 1]
[pos_bagging_fraction: 1]
[neg_bagging_fraction: 1]
[bagging_freq: 0]
[bagging_seed: 3]
[feature_fraction: 1]
[feature_fraction_bynode: 1]
[feature_fraction_seed: 2]
[early_stopping_round: 0]
[first_metric_only: 0]
[max_delta_step: 0]
[lambda_l1: 0]
[lambda_l2: 0]
[min_gain_to_split: 0]
[drop_rate: 0.1]
[max_drop: 50]
[skip_drop: 0.5]
[xgboost_dart_mode: 0]
[uniform_drop: 0]
[drop_seed: 4]
[top_rate: 0.2]
[other_rate: 0.1]
[min_data_per_group: 100]
[max_cat_threshold: 32]
[cat_l2: 10]
[cat_smooth: 10]
[max_cat_to_onehot: 4]
[top_k: 20]
[monotone_constraints: ]
[feature_contri: ]
[forcedsplits_filename: ]
[forcedbins_filename: ]
[refit_decay_rate: 0.9]
[cegb_tradeoff: 1]
[cegb_penalty_split: 0]
[cegb_penalty_feature_lazy: ]
[cegb_penalty_feature_coupled: ]
[verbosity: 1]
[max_bin: 255]
[max_bin_by_feature: ]
[min_data_in_bin: 3]
[bin_construct_sample_cnt: 200000]
[histogram_pool_size: -1]
[data_random_seed: 1]
[output_model: LightGBM_model.txt]
[snapshot_freq: -1]
[input_model: ]
[output_result: LightGBM_predict_result.txt]
[initscore_filename: ]
[valid_data_initscores: ]
[pre_partition: 0]
[enable_bundle: 1]
[max_conflict_rate: 0]
[is_enable_sparse: 1]
[sparse_threshold: 0.8]
[use_missing: 1]
[zero_as_missing: 0]
[two_round: 0]
[save_binary: 0]
[header: 0]
[label_column: ]
[weight_column: ]
[group_column: ]
[ignore_column: ]
[categorical_feature: ]
[predict_raw_score: 0]
[predict_leaf_index: 0]
[predict_contrib: 0]
[num_iteration_predict: -1]
[pred_early_stop: 0]
[pred_early_stop_freq: 10]
[pred_early_stop_margin: 10]
[convert_model_language: ]
[convert_model: gbdt_prediction.cpp]
[num_class: 1]
[is_unbalance: 0]
[scale_pos_weight: 1]
[sigmoid: 1]
[boost_from_average: 1]
[reg_sqrt: 0]
[alpha: 0.9]
[fair_c: 1]
[poisson_max_delta_step: 0.7]
[tweedie_variance_power: 1.5]
[max_position: 20]
[lambdamart_norm: 1]
[label_gain: ]
[metric_freq: 1]
[is_provide_training_metric: 0]
[eval_at: ]
[multi_error_top_k: 1]
[num_machines: 1]
[local_listen_port: 12400]
[time_out: 120]
[machine_list_filename: ]
[machines: ]
[gpu_platform_id: -1]
[gpu_device_id: -1]
[gpu_use_dp: 0]

end of parameters

pandas_categorical:[[0.0, 1.0], [0.0, 1.0], [0.0, 1.0], [0.0, 1.0], ["00", "01", "02", "03", "04", "05", "06", "07", "08", "09", "10", "11", "12", "13", "14", "15", "16", "17", "18", "19", "20", "21", "22", "23", "99"], [0.0, 1.0, 2.0, 3.0, 4.0, 5.0, 6.0, 7.0, 8.0, 9.0], [0.0, 1.0, 2.0, 3.0], [0.0, 1.0]]
